0.98871863	0.99026	0.98909307	0.98762971	0.98497611	0.98168355	0.97766441	0.97250205	0.96598583	0.95791525	0.94767255	0.93542135	0.92081004	0.90279531	0.88118422	0.8555063	0.82520223	0.78872216	0.74584866	0.69561285	0.63716644	0.57038355	0.49486944	0.41121089	0.31918848	0.22264889	0.1224159	0.020391488	-0.080158368	-0.17885268	-0.27546474	-0.3682918	-0.457385	-0.54179549	-0.62053359	-0.69188792	-0.75274879	-0.80127889	-0.83867323	-0.8666724	-0.88756096	-0.90397596	-0.91651535	-0.92802197	-0.93772018	-0.94611394	-0.95447117	-0.96215433	-0.96890134	-0.97480148
0.98639536	0.9882623	0.98718888	0.98593289	0.98350829	0.98014581	0.97663498	0.9717803	0.96521091	0.95714909	0.9470048	0.93511665	0.9207381	0.90305513	0.88165039	0.85629147	0.82609761	0.7896778	0.7469486	0.69701654	0.63865143	0.57182145	0.49673831	0.41312662	0.32155192	0.22481082	0.12475007	0.023090657	-0.077417515	-0.17626502	-0.27252939	-0.36538854	-0.45424041	-0.5385372	-0.61744142	-0.68870354	-0.74924433	-0.79793561	-0.83557445	-0.86309671	-0.8842051	-0.90078914	-0.91327363	-0.92463946	-0.93418783	-0.94268084	-0.95099545	-0.95879859	-0.96548271	-0.97125524
0.98470592	0.9869045	0.98566347	0.984519	0.98203617	0.9790678	0.97546786	0.97075248	0.96437931	0.95656914	0.94677186	0.93481272	0.92082173	0.90338212	0.88217235	0.85685289	0.82688004	0.79092705	0.74825013	0.6983335	0.64023089	0.57359767	0.49870911	0.41506648	0.32379442	0.22718495	0.12741704	0.02588124	-0.074470036	-0.1730655	-0.2693204	-0.3619484	-0.4508898	-0.5351432	-0.61381102	-0.68534625	-0.74586695	-0.79424131	-0.83187318	-0.85972488	-0.880696	-0.89726883	-0.909814	-0.92086679	-0.93055105	-0.93907332	-0.94745636	-0.95529675	-0.96187711	-0.96789575
0.98323351	0.98567826	0.98492962	0.98373038	0.98116928	0.97824937	0.97461194	0.97000688	0.96381146	0.95623797	0.94649005	0.93477762	0.92081636	0.90359873	0.88265413	0.8576057	0.82763815	0.79165512	0.74940288	0.69969922	0.64159757	0.57505888	0.50027949	0.41722739	0.32622248	0.22942723	0.12982361	0.028283847	-0.071839646	-0.17012858	-0.26647866	-0.3589924	-0.44778299	-0.53203928	-0.61063397	-0.68211716	-0.74255264	-0.79090267	-0.82859761	-0.85622811	-0.87743556	-0.89349365	-0.90650237	-0.91737849	-0.92727405	-0.93589175	-0.94417125	-0.95173472	-0.95844686	-0.96439725
0.98230678	0.98473847	0.98407787	0.98282051	0.98048168	0.97754627	0.9742713	0.96959788	0.96331078	0.95581263	0.94648427	0.93481952	0.92099696	0.90379894	0.88318646	0.85813367	0.82841033	0.79271752	0.75047654	0.70102447	0.6431461	0.57695675	0.50211346	0.41942826	0.32822835	0.23196822	0.13253507	0.031084616	-0.068863966	-0.16721912	-0.26329809	-0.35562456	-0.44439176	-0.52852648	-0.60732257	-0.67880213	-0.73897904	-0.78745979	-0.82508105	-0.85275269	-0.87354124	-0.89019036	-0.9030804	-0.9139359	-0.9236201	-0.93243182	-0.94061542	-0.94794476	-0.95474946	-0.96064484
0.98174888	0.98406529	0.98349661	0.98227382	0.98012394	0.97730112	0.97380316	0.96935421	0.96332419	0.95574558	0.94654566	0.93519819	0.92154086	0.90441197	0.88380474	0.85904109	0.82948846	0.79376072	0.751715	0.70251304	0.64473647	0.57868785	0.50414264	0.42123047	0.33062267	0.23452136	0.13518907	0.034315854	-0.065403819	-0.16407678	-0.25992453	-0.3519991	-0.44066972	-0.52452421	-0.60357362	-0.67461807	-0.73486286	-0.78370887	-0.82091743	-0.84855086	-0.8696031	-0.88632774	-0.89872444	-0.90986276	-0.91945028	-0.92827243	-0.93652803	-0.94388485	-0.95076644	-0.95665044
0.98118705	0.98365754	0.98282927	0.98206145	0.97971624	0.9769268	0.97374439	0.96922374	0.9635188	0.95627517	0.94671661	0.93563557	0.92204756	0.90538138	0.88476151	0.86000985	0.83080029	0.79519588	0.75327933	0.70415652	0.64662957	0.58097637	0.50643212	0.42378697	0.33369592	0.2376214	0.1386109	0.038040347	-0.06195838	-0.16000101	-0.25555688	-0.34738818	-0.43608031	-0.52002579	-0.59883344	-0.66982621	-0.73037601	-0.77877825	-0.81621909	-0.84387726	-0.86491925	-0.88150108	-0.89396936	-0.90509522	-0.91473627	-0.92326212	-0.93176961	-0.93947583	-0.94591826	-0.95195574
0.98066849	0.98342645	0.98285162	0.98175365	0.9794426	0.97678977	0.97362643	0.96920675	0.96370798	0.95664501	0.94730437	0.93637526	0.92295355	0.90625584	0.88594514	0.86143458	0.83228683	0.79699308	0.755395	0.70638752	0.64930397	0.58352208	0.50948876	0.42714706	0.33709949	0.24140652	0.14259286	0.042111095	-0.057442341	-0.15515587	-0.25067368	-0.3420516	-0.4306342	-0.51451641	-0.59322351	-0.66430593	-0.72467297	-0.7731083	-0.81039011	-0.83819652	-0.85906273	-0.8759371	-0.88805085	-0.89937139	-0.90885824	-0.91762793	-0.9258908	-0.93361235	-0.93995398	-0.94618148
0.98053193	0.98312557	0.98267341	0.9818002	0.97967649	0.97688788	0.97372806	0.96959567	0.96402955	0.95716149	0.94835287	0.9373855	0.92434591	0.90767515	0.887591	0.86355293	0.83442163	0.79916048	0.75780547	0.70908368	0.65194821	0.58687592	0.51291227	0.43100575	0.34123147	0.24593312	0.14758161	0.047291674	-0.051997568	-0.14935768	-0.24426556	-0.33599198	-0.42437723	-0.50795305	-0.58665138	-0.65730476	-0.71787924	-0.76660752	-0.80357581	-0.83107442	-0.8521955	-0.8685661	-0.88155627	-0.89263058	-0.90200597	-0.91080934	-0.91920406	-0.92654204	-0.93338108	-0.93942702
0.98074299	0.98313332	0.98271728	0.98173338	0.97965521	0.97706699	0.97416353	0.9698298	0.9644919	0.95801389	0.94974869	0.93886983	0.92575544	0.90954214	0.88965344	0.86563087	0.83684415	0.80196655	0.76082063	0.7124905	0.65570992	0.59062958	0.51736021	0.43576089	0.34658128	0.25166687	0.15361257	0.053782638	-0.044982765	-0.14200856	-0.23688661	-0.32859725	-0.41645584	-0.50015408	-0.57864398	-0.64934862	-0.70947367	-0.75808793	-0.79523534	-0.82276845	-0.84392023	-0.86049485	-0.87317765	-0.88402468	-0.89390099	-0.90252638	-0.91047734	-0.9183014	-0.92509431	-0.93087929
0.98095548	0.98343194	0.98280936	0.98192948	0.98008317	0.97728264	0.97433341	0.97045791	0.96509135	0.9589678	0.95061237	0.94061553	0.92798245	0.91211444	0.89242452	0.86862832	0.840101	0.80540651	0.76469171	0.71666467	0.66020924	0.59567845	0.52291322	0.44153142	0.35279319	0.25845683	0.16082416	0.061663311	-0.036899451	-0.13332662	-0.22796765	-0.31934783	-0.40669334	-0.49019125	-0.56870121	-0.63943416	-0.69957072	-0.74770093	-0.78477603	-0.81275314	-0.8339231	-0.85031724	-0.86300308	-0.87413561	-0.88374674	-0.89242995	-0.90064901	-0.90815622	-0.9148351	-0.92103243
0.98125499	0.98362565	0.98329002	0.98242331	0.98045588	0.97784185	0.97492015	0.97110653	0.96577376	0.9596315	0.95203173	0.9425239	0.93057704	0.91505146	0.89568096	0.87258476	0.84403473	0.80985796	0.76938403	0.72161555	0.66595721	0.60191369	0.52928793	0.44892162	0.36046878	0.26677483	0.16966262	0.071137466	-0.026699457	-0.12324935	-0.21711706	-0.30807969	-0.39538121	-0.47846419	-0.55666447	-0.62735033	-0.6871919	-0.73562479	-0.7731331	-0.80072463	-0.82151347	-0.83808804	-0.85059309	-0.86205673	-0.87129778	-0.88023353	-0.88835067	-0.89602816	-0.90265435	-0.9087252
0.98153818	0.98394972	0.9834612	0.98290968	0.98055977	0.97844517	0.97515059	0.97164339	0.96646118	0.96060932	0.95311224	0.94433331	0.93310469	0.91855466	0.89989716	0.87687069	0.84915602	0.81546646	0.77540165	0.72800386	0.67272794	0.60941505	0.53762537	0.45744243	0.37014496	0.27700818	0.18055011	0.082571022	-0.014801034	-0.11030401	-0.20422985	-0.29443315	-0.3815439	-0.4644388	-0.5424965	-0.61262488	-0.67252141	-0.72086346	-0.75837487	-0.78551322	-0.80686373	-0.8232488	-0.83634335	-0.84715307	-0.85678005	-0.86528045	-0.87348187	-0.88128388	-0.88768381	-0.89374256
0.98189181	0.98424494	0.98413235	0.98341155	0.98147762	0.97901541	0.97609091	0.97238773	0.96735138	0.96159279	0.95425355	0.94537556	0.9353987	0.92210615	0.90481937	0.8825236	0.85528958	0.82184112	0.78252995	0.73596931	0.68135321	0.61843991	0.54730064	0.46814698	0.38162699	0.28923324	0.19391683	0.096528441	0.00012208076	-0.095043994	-0.18774155	-0.27841166	-0.36467707	-0.4474352	-0.52497172	-0.59485954	-0.65507585	-0.70347381	-0.74036431	-0.76799756	-0.78927338	-0.80567098	-0.81841403	-0.82959116	-0.83879256	-0.84744424	-0.85568213	-0.86342317	-0.87005723	-0.87588316
0.98227012	0.98461169	0.9845295	0.98404199	0.98185772	0.97983789	0.97690094	0.97329146	0.96840233	0.9628042	0.95564514	0.94701409	0.93714219	0.92492545	0.90976077	0.88913548	0.86274648	0.83009148	0.79108661	0.74528211	0.69184518	0.6295563	0.55930477	0.48128706	0.39552391	0.3041696	0.20995124	0.11368066	0.017771084	-0.076536156	-0.16924153	-0.25841591	-0.34451869	-0.426837	-0.50411463	-0.57419729	-0.63398498	-0.68225968	-0.71935779	-0.74668306	-0.76787436	-0.78425324	-0.79711741	-0.80833197	-0.81776911	-0.82617283	-0.83471453	-0.84210587	-0.8487919	-0.854711
0.98272222	0.98532152	0.98514855	0.98434162	0.98254275	0.98016441	0.97757536	0.97410792	0.96963453	0.96410447	0.95707619	0.94877112	0.93930435	0.92761207	0.91322869	0.89554429	0.87111658	0.83973515	0.8019293	0.75675362	0.70426893	0.64307785	0.57404441	0.4967773	0.4123753	0.32219702	0.22855064	0.13367292	0.038926434	-0.054501541	-0.14611615	-0.23488037	-0.32068527	-0.40218142	-0.47919744	-0.5489592	-0.60890126	-0.65656263	-0.69346076	-0.72149438	-0.74240559	-0.75806135	-0.77122116	-0.78250861	-0.79212409	-0.80051273	-0.8091175	-0.8164708	-0.82314569	-0.8289569
0.98335415	0.98567444	0.98576784	0.98510146	0.98318446	0.9809956	0.97868621	0.9750948	0.97080153	0.9653517	0.95859665	0.95060146	0.94160783	0.93015313	0.91652834	0.90028638	0.87986195	0.85080361	0.81441689	0.77037907	0.71945626	0.6595217	0.5917173	0.51574904	0.43237713	0.34386778	0.25154489	0.15774567	0.064535238	-0.027866682	-0.1186801	-0.20651375	-0.29126656	-0.37269884	-0.4496282	-0.51884234	-0.5783301	-0.62667155	-0.66311997	-0.69092947	-0.71176434	-0.72793967	-0.74086678	-0.75195879	-0.76180685	-0.76989776	-0.77815962	-0.78596532	-0.79285645	-0.79849637
0.9839384	0.98620027	0.98638034	0.98591435	0.98402858	0.98189652	0.97955823	0.97637945	0.97194272	0.96688777	0.9603703	0.95274472	0.94394076	0.93290794	0.92015505	0.90451598	0.88584971	0.86255151	0.82886952	0.78716338	0.73715019	0.67894429	0.61271375	0.53844965	0.4566806	0.36973253	0.27956787	0.18723567	0.094675794	0.0038625558	-0.085569046	-0.17258011	-0.2572569	-0.33793211	-0.41415456	-0.48311913	-0.54259109	-0.59023762	-0.62709111	-0.65456074	-0.67589581	-0.69189245	-0.70427448	-0.71562415	-0.72561473	-0.73373109	-0.74215227	-0.74986774	-0.75655967	-0.7621218
0.98439819	0.9867959	0.98690599	0.98644066	0.9847604	0.98290229	0.98063397	0.97742689	0.9734323	0.96854424	0.96261162	0.95501792	0.94680071	0.936378	0.92394853	0.90916663	0.891752	0.87068099	0.84428936	0.80597663	0.7583155	0.70207387	0.637604	0.56541103	0.48538113	0.40066969	0.31206059	0.22143732	0.13088612	0.041642055	-0.047377512	-0.13304839	-0.21658188	-0.29671341	-0.37243953	-0.44111648	-0.50002807	-0.54794616	-0.58487886	-0.61193722	-0.63331175	-0.64909142	-0.66179961	-0.67314297	-0.68262154	-0.69134754	-0.69935203	-0.7068029	-0.71401715	-0.71961027
0.985021	0.98739934	0.98741323	0.98737413	0.98554784	0.98395926	0.98158604	0.97899485	0.97496271	0.9703337	0.96452838	0.95759541	0.9496814	0.93978816	0.92828441	0.9144392	0.89819765	0.87868917	0.85511351	0.82622248	0.78267002	0.72920066	0.66728222	0.59741992	0.51971883	0.43705735	0.35086769	0.26182848	0.1727038	0.085253246	-0.0020965314	-0.086539581	-0.16879323	-0.24844357	-0.32368657	-0.39172861	-0.45041299	-0.49809492	-0.53474569	-0.56179506	-0.5832473	-0.59909123	-0.61222392	-0.62318075	-0.63268834	-0.64122427	-0.64994895	-0.65660405	-0.66384989	-0.66948831
0.98591077	0.98810464	0.9882614	0.98807472	0.98649019	0.98494601	0.98282546	0.98043412	0.97664541	0.97234535	0.96695787	0.96031106	0.95319289	0.94403726	0.93321091	0.92042315	0.904944	0.88708884	0.86546922	0.83977574	0.80805117	0.75975758	0.70083046	0.63386667	0.55905235	0.47895843	0.39542958	0.30909359	0.22210811	0.13640134	0.051224221	-0.032619525	-0.11323062	-0.19228791	-0.26672131	-0.33449987	-0.39277613	-0.4402639	-0.47639331	-0.50352955	-0.52477723	-0.54074895	-0.55386144	-0.56463414	-0.57450181	-0.58275115	-0.59135294	-0.59842974	-0.60516042	-0.61109954
0.9864704	0.98852175	0.98911893	0.98883426	0.98744434	0.98607355	0.98406851	0.98202777	0.97842896	0.97466636	0.96930599	0.96362644	0.95671868	0.94813412	0.93826509	0.92657536	0.91270989	0.89604717	0.87597698	0.8531667	0.82551932	0.79158759	0.73876423	0.6753599	0.60439903	0.52765226	0.44683045	0.3634114	0.27895579	0.19561437	0.11224042	0.030231668	-0.049187981	-0.12736441	-0.20068447	-0.26846921	-0.32640034	-0.37362444	-0.40958738	-0.43685478	-0.45751271	-0.47388154	-0.4867723	-0.49796805	-0.50762087	-0.51577693	-0.52475494	-0.53144485	-0.53802824	-0.5441519
0.98762244	0.98944002	0.98953235	0.98984975	0.98863238	0.9870649	0.98536593	0.98370856	0.98065782	0.97703427	0.97222155	0.9669556	0.96076709	0.95305181	0.94413209	0.93328094	0.92076498	0.90545118	0.88761824	0.86681879	0.84230584	0.81355226	0.77748293	0.72130966	0.65461218	0.5819124	0.50432944	0.42487663	0.34400943	0.26211199	0.1813052	0.1008243	0.023076965	-0.053839408	-0.12681109	-0.19314341	-0.25112951	-0.29821008	-0.33402279	-0.36128116	-0.38169193	-0.39822724	-0.41115531	-0.42193365	-0.43149611	-0.44023731	-0.44841418	-0.45556802	-0.46232936	-0.46807453
0.9883818	0.99052095	0.99059135	0.99056441	0.98957473	0.98832875	0.98695982	0.98523521	0.98247778	0.97946662	0.97517604	0.9702087	0.96498758	0.95801318	0.94990432	0.94044399	0.92898011	0.91535008	0.89934868	0.88104236	0.8593024	0.83397555	0.80407405	0.76768798	0.7084524	0.64085454	0.56796753	0.49235606	0.41484091	0.33648372	0.2581729	0.17977093	0.10309821	0.028010257	-0.044236604	-0.1098399	-0.16747065	-0.21389508	-0.24978492	-0.2771894	-0.29775429	-0.31399083	-0.32718846	-0.33802205	-0.34745377	-0.35597318	-0.36438319	-0.37143987	-0.37813243	-0.38385215
0.98932719	0.99113482	0.99136245	0.99153018	0.99059945	0.98955101	0.98831642	0.98687291	0.98456788	0.98179364	0.97808087	0.97404337	0.9689936	0.96288162	0.95583308	0.94728571	0.93744051	0.92531139	0.9113704	0.89496559	0.87632376	0.85437608	0.82868737	0.79868585	0.76134139	0.70207882	0.63504183	0.56420887	0.49097076	0.41639018	0.34088218	0.26552328	0.19047163	0.11667653	0.045617964	-0.019185172	-0.076218441	-0.12255427	-0.15808593	-0.18562013	-0.2061318	-0.22201939	-0.23544739	-0.24594603	-0.25549281	-0.26390463	-0.27199978	-0.27925476	-0.28616154	-0.29200563
0.99036461	0.9919529	0.9923622	0.9925614	0.9917841	0.99073911	0.98973924	0.98890024	0.98692918	0.98424691	0.98103052	0.97746158	0.97316504	0.96786559	0.96185297	0.95459211	0.94576699	0.93534482	0.92319453	0.90904385	0.89294893	0.87425327	0.85271674	0.82692277	0.7972427	0.76105493	0.70253193	0.63789791	0.57004082	0.50017834	0.42798668	0.35554275	0.28322536	0.21112427	0.14136291	0.077490337	0.020500207	-0.024874087	-0.061428107	-0.087775268	-0.10888855	-0.12456382	-0.13816164	-0.14866731	-0.15848696	-0.16679141	-0.17500189	-0.18244195	-0.18891114	-0.19489336
0.99128556	0.99293375	0.99355423	0.9934411	0.9928602	0.9920038	0.99154764	0.99026865	0.98886555	0.98666811	0.9839474	0.98090643	0.9773618	0.97271836	0.9676342	0.96124899	0.95373166	0.94477463	0.93453157	0.92277014	0.90885121	0.89310724	0.8749941	0.85362059	0.82881093	0.80056334	0.76555979	0.70960307	0.64834416	0.58414233	0.51733738	0.44796365	0.37890217	0.30827406	0.24029782	0.17727129	0.12127219	0.075713553	0.039934337	0.012994497	-0.0077342619	-0.023667131	-0.037114047	-0.047733437	-0.057486232	-0.06606359	-0.074042864	-0.08142592	-0.08843229	-0.09380535
0.99260265	0.99400777	0.99456102	0.9943831	0.99357837	0.99368876	0.99271059	0.9920364	0.99055845	0.98857147	0.98640829	0.98390895	0.98118824	0.97735626	0.97301096	0.96782929	0.96126574	0.95390886	0.94541711	0.93528342	0.92387509	0.91085333	0.89584148	0.87810457	0.85832518	0.8351413	0.80802459	0.77485669	0.72254205	0.66524351	0.60366762	0.53938597	0.47377491	0.40676084	0.34054571	0.27875081	0.22313207	0.17849049	0.14283048	0.11583656	0.095361196	0.078841001	0.065663442	0.054505881	0.044964075	0.036549307	0.02842308	0.021075362	0.014135817	0.0083829686
0.9935497	0.99717891	0.99534535	0.99576521	0.99494702	0.99445337	0.99410629	0.99354696	0.99216968	0.99054372	0.98886013	0.98662567	0.98448074	0.98139507	0.97775453	0.97359353	0.96832395	0.96194452	0.95496249	0.94697863	0.93733072	0.92672825	0.91444486	0.90025723	0.88427055	0.86574686	0.84437925	0.81886834	0.78744227	0.7392149	0.68527591	0.62750095	0.56619841	0.50286496	0.43892357	0.378708	0.32482284	0.28042284	0.24530253	0.21779303	0.19735223	0.18098129	0.16734728	0.15659618	0.14644316	0.13795432	0.12996961	0.12331451	0.11615167	0.11003935
0.99438465	0.99520087	0.99597132	0.99612147	0.99566591	0.99547243	0.99502343	0.99455631	0.99360603	0.99245161	0.99095362	0.98921639	0.98742843	0.98488235	0.98202884	0.97842419	0.97434616	0.96950591	0.96350622	0.95715261	0.94956487	0.94103307	0.93099779	0.91959637	0.9067086	0.89218903	0.87502331	0.85555369	0.83228922	0.80303115	0.75843263	0.70853215	0.65324795	0.59459972	0.53491282	0.47672278	0.42469504	0.38085583	0.34540334	0.3186805	0.29750738	0.28066954	0.26747704	0.25638959	0.24633922	0.23778401	0.22965351	0.22289088	0.21537934	0.20968543
0.99503684	0.99577862	0.99681932	0.99687523	0.99647403	0.99630952	0.9959116	0.99553454	0.99510986	0.99394095	0.9926722	0.99107856	0.99008441	0.98801637	0.98569882	0.98291242	0.97965783	0.97543305	0.97073013	0.96516746	0.9595874	0.95274323	0.94488484	0.93591386	0.92562711	0.91416049	0.90112144	0.88586998	0.86808759	0.84628534	0.81937391	0.77893531	0.73233646	0.68001711	0.6249519	0.57028008	0.52026361	0.47712705	0.44281453	0.41591263	0.39536759	0.37833011	0.36463076	0.35312235	0.34306222	0.33459833	0.32634744	0.31918138	0.31226301	0.30670285
0.99568653	0.99694443	0.99733877	0.99730074	0.9972136	0.99711341	0.99692732	0.99640656	0.99606293	0.99539423	0.99452984	0.99313581	0.99230248	0.99070221	0.98873013	0.98649079	0.98384118	0.98069078	0.97694695	0.97286052	0.96767354	0.96286958	0.95642608	0.94942355	0.94141781	0.93235308	0.92261565	0.91066998	0.8974613	0.8812632	0.86211038	0.83697313	0.80076212	0.75699461	0.70855898	0.65864146	0.61153418	0.57049608	0.53636611	0.51003993	0.48938459	0.47201058	0.45849237	0.44675708	0.4367044	0.42769456	0.41930553	0.4122811	0.40549785	0.39982784
0.99666065	0.99730647	0.99751019	0.99823844	0.99782157	0.99768037	0.99740905	0.99739349	0.99706417	0.99633652	0.99538636	0.99482471	0.99389333	0.99270922	0.99140888	0.9893918	0.98735327	0.98477274	0.98175806	0.97840548	0.97453541	0.97093165	0.96595973	0.96018505	0.95416564	0.94759774	0.93978524	0.9305898	0.92048097	0.90921867	0.89486647	0.87781376	0.85547036	0.82217431	0.78359628	0.74019289	0.69716042	0.65869778	0.62600619	0.60010052	0.57929516	0.5623095	0.54850912	0.53640676	0.52598494	0.51708114	0.50860906	0.50175303	0.49520957	0.48887727
0.99730396	0.9982636	0.99810416	0.99820685	0.99821192	0.99813932	0.99803603	0.99805248	0.9976325	0.99718606	0.9965297	0.99589825	0.99537241	0.99451166	0.99358624	0.99180049	0.99007773	0.98791897	0.98604333	0.98298508	0.98020703	0.97685266	0.97335029	0.96887946	0.96448177	0.95926356	0.95319301	0.94664848	0.93922454	0.93059236	0.92073911	0.90901017	0.89386475	0.87409365	0.84610158	0.81159627	0.77521324	0.74060041	0.7101413	0.68519086	0.66481185	0.64736366	0.63348162	0.6215474	0.61067659	0.60198396	0.59351736	0.58610541	0.57936549	0.57363439
0.99789184	0.99818909	0.99866629	0.99842936	0.99852341	0.99909008	0.99868512	0.99870807	0.99826783	0.99758697	0.99737585	0.99658847	0.99620235	0.99549145	0.99465173	0.99345893	0.99221814	0.99051189	0.98880106	0.98668754	0.98428202	0.98197454	0.97910231	0.97588164	0.97221506	0.96831107	0.96398824	0.95929313	0.95393831	0.94734997	0.9405356	0.93243986	0.92253685	0.9101662	0.89449328	0.8710292	0.84271216	0.81400657	0.78660649	0.76326871	0.74397874	0.72715962	0.71318012	0.70117664	0.69079757	0.6809274	0.67260104	0.6643855	0.65803713	0.65186387
0.99825388	0.99879402	0.99871248	0.99915338	0.9992792	0.99934351	0.99896055	0.99893713	0.99865222	0.99842453	0.9981454	0.99737716	0.99686217	0.9966749	0.99607122	0.99479479	0.99376565	0.99288338	0.9909367	0.98947787	0.98773372	0.98588979	0.98360455	0.98089093	0.97850692	0.97562963	0.97223282	0.96884042	0.96490961	0.960419	0.95528805	0.95005143	0.94367373	0.9364416	0.9273513	0.91527486	0.89729398	0.8755036	0.85330409	0.83252752	0.8140071	0.79814923	0.78424019	0.77217609	0.76158345	0.75178027	0.74342799	0.73541188	0.72844964	0.72269332
0.99839729	0.99873489	0.99905759	0.99922407	0.99931604	0.9991554	0.99916059	0.99924684	0.99886715	0.99861473	0.99812275	0.99786836	0.99763197	0.99702138	0.99660444	0.99576676	0.99510866	0.99364585	0.99284273	0.99127704	0.99011785	0.98901975	0.98674726	0.98528159	0.98344076	0.98084933	0.97859746	0.97637939	0.97356737	0.97052324	0.96668839	0.96377259	0.95922136	0.95438737	0.94918609	0.94349205	0.93543452	0.92217892	0.90603113	0.88867378	0.87237108	0.85786957	0.84453094	0.83253169	0.82222122	0.81257296	0.80382574	0.79617965	0.78909737	0.78296709
0.99878651	0.99895996	0.99890524	0.99935198	0.99945426	0.99976593	0.99960017	0.99937987	0.99907589	0.99893636	0.99864507	0.9983241	0.99812573	0.99758446	0.99709409	0.99644142	0.99612671	0.99494058	0.99430305	0.99312222	0.99217188	0.9910084	0.98956835	0.98807657	0.98694748	0.98500031	0.98343778	0.98145252	0.97963417	0.97756582	0.97544169	0.97295928	0.9703691	0.96760517	0.96447277	0.96157271	0.95818669	0.95299822	0.94339168	0.93057597	0.91746467	0.90481955	0.89261276	0.88122922	0.87096941	0.86115086	0.85236263	0.84474981	0.83800226	0.83182925
0.99830198	0.99956214	0.99937642	0.99952865	0.99935806	0.99937755	0.99937022	0.99939334	0.99938858	0.99871498	0.9985618	0.99827474	0.99833876	0.99772209	0.99757135	0.99685371	0.99675488	0.99559784	0.99478298	0.99401426	0.9932254	0.99248797	0.9916445	0.99026674	0.98915911	0.98751807	0.9865005	0.98564184	0.98433197	0.98269498	0.98098159	0.97987902	0.9781124	0.97616142	0.97455788	0.97299117	0.97132212	0.96968991	0.96625769	0.95855713	0.94892663	0.93868816	0.92791831	0.91724199	0.90742379	0.89865184	0.88958383	0.88224715	0.87493223	0.86870998
0.99898112	0.9992041	0.99926692	0.99929553	0.99979722	1	0.99983448	0.9995231	0.99921727	0.99895024	0.99878359	0.99826401	0.99832278	0.99808234	0.99776191	0.99735516	0.99703163	0.99655122	0.99572331	0.9946667	0.99418628	0.99331737	0.99253416	0.9920994	0.99086237	0.98990458	0.98922437	0.98841649	0.98708606	0.98665953	0.98517233	0.98446757	0.9835149	0.9824118	0.98136526	0.98061907	0.97968435	0.9787038	0.97776824	0.97558355	0.96938449	0.96149951	0.95310318	0.94357139	0.93427467	0.92562127	0.91718966	0.90925395	0.90229023	0.89612609
0.99887067	0.99894994	0.99938244	0.99938142	0.99934417	0.99946266	0.99927092	0.99947721	0.9991675	0.99874276	0.9986065	0.99848372	0.9985249	0.9983514	0.99801981	0.99765337	0.99712777	0.99673349	0.99599522	0.99526215	0.99492347	0.9942826	0.99369168	0.99320352	0.99223489	0.99157947	0.99056995	0.99017036	0.98985338	0.98908716	0.98835313	0.9877969	0.98706114	0.98631942	0.98579699	0.98540133	0.98512906	0.98453289	0.98409343	0.98311865	0.98190022	0.97675902	0.96976656	0.96181935	0.95369899	0.94532603	0.93695229	0.92943704	0.92269224	0.91698033
0.99848378	0.99927646	0.99943793	0.99963182	0.99908131	0.99939984	0.99937391	0.99928635	0.99911594	0.9987824	0.99886262	0.99857652	0.99857903	0.99793679	0.99817365	0.99781644	0.99727446	0.99718863	0.99616426	0.99548751	0.9951753	0.99473923	0.9942162	0.99373817	0.99312013	0.99267662	0.99214715	0.99191362	0.99104095	0.99105769	0.99037707	0.98999131	0.98942971	0.98929483	0.98894376	0.98864061	0.98829299	0.98825049	0.98844248	0.98755616	0.98687321	0.98554665	0.98075271	0.97445357	0.96756226	0.95985615	0.95225137	0.94475824	0.9379521	0.93201327
0.99880511	0.99888182	0.99906558	0.99935961	0.99923056	0.99973041	0.99939656	0.99903083	0.99890405	0.99875718	0.99846691	0.99829125	0.9983564	0.99806482	0.99796098	0.99758172	0.99763077	0.99730057	0.99607432	0.99584049	0.99580193	0.99559039	0.99501455	0.99464786	0.99408293	0.9934212	0.99297184	0.99279821	0.99255937	0.9926002	0.99217319	0.99202472	0.99175179	0.99142641	0.9910726	0.99119401	0.99077439	0.99104989	0.99080718	0.99012148	0.98998314	0.98949206	0.98779196	0.98362511	0.9779194	0.97095257	0.96377873	0.95713675	0.95029926	0.94481897
0.99853748	0.99869335	0.99901545	0.99941766	0.99908084	0.99936759	0.99931753	0.9990499	0.99921525	0.99864793	0.99867612	0.99822485	0.99841309	0.99838406	0.99804783	0.99776661	0.99745667	0.99711472	0.99642736	0.99594539	0.99580091	0.99526465	0.99516046	0.99481785	0.99458313	0.9935798	0.99387872	0.99333286	0.99348646	0.9934597	0.99329823	0.99279326	0.9927277	0.99245125	0.9925555	0.9927246	0.99240148	0.99228585	0.99254644	0.99215323	0.99174464	0.99153686	0.99110228	0.98914313	0.98500514	0.97952026	0.97301626	0.9669345	0.9606306	0.95487964
0.99840748	0.99872595	0.99917179	0.99944937	0.99907541	0.99913234	0.99911696	0.99911493	0.99880719	0.99841005	0.99860102	0.99854743	0.99830449	0.99806178	0.99803776	0.9978618	0.99760628	0.99710196	0.99669296	0.99632227	0.99593765	0.99568295	0.99552059	0.99532849	0.99492341	0.99478263	0.99470097	0.99427897	0.99409086	0.99417841	0.99430293	0.99446732	0.99427563	0.99379158	0.99375933	0.99385327	0.99370652	0.99395484	0.99354327	0.99346179	0.99323028	0.9929933	0.99253315	0.99178183	0.99039614	0.98619002	0.98098594	0.97542614	0.96943641	0.96423256
0.99845505	0.99857348	0.99922431	0.9992829	0.99876618	0.99909377	0.99927092	0.99921101	0.9991892	0.99830616	0.99854809	0.99830455	0.99830991	0.9979611	0.99806637	0.99822348	0.99790877	0.99725634	0.9970417	0.99635953	0.99618804	0.99599952	0.9959147	0.99531823	0.99547619	0.99505323	0.99527955	0.99490374	0.99529064	0.99492615	0.99488235	0.99493378	0.99475205	0.99491835	0.99501193	0.99518114	0.99467158	0.99496382	0.9948982	0.99432558	0.99459195	0.99402916	0.99368078	0.99325609	0.99214518	0.99171376	0.98746717	0.98245162	0.97728407	0.97247463
0.99860054	0.99895227	0.99918151	0.99919218	0.99932337	0.99957407	0.99946427	0.99911833	0.99907714	0.99855697	0.99864191	0.99874926	0.99828982	0.99833173	0.99803609	0.99838907	0.99791622	0.99728203	0.99661642	0.9966687	0.99644506	0.99616337	0.99615282	0.99571437	0.99556118	0.99537349	0.99551708	0.99533749	0.99532682	0.99528778	0.99538714	0.99534017	0.99561983	0.99545079	0.99576426	0.99581802	0.99571639	0.99573261	0.99575061	0.99550539	0.99531668	0.99518847	0.99511546	0.9945904	0.99444765	0.99371523	0.99231654	0.98923022	0.98469406	0.97978377
0.99863636	0.99881172	0.99919301	0.999277	0.99898911	0.99920321	0.99967712	0.99913585	0.9990505	0.99884278	0.99868083	0.99845457	0.99845237	0.99849159	0.9982397	0.99822223	0.99780136	0.99725974	0.99710912	0.99667132	0.99665374	0.99612421	0.99634415	0.99600667	0.99596936	0.99553853	0.99567509	0.99565232	0.99545139	0.99599242	0.99582231	0.99623239	0.99641889	0.99619865	0.99601525	0.99618673	0.99647564	0.99636966	0.99596196	0.9962585	0.99620384	0.99600822	0.99602801	0.99583322	0.99542892	0.99534369	0.99486047	0.99413007	0.99059421	0.98646736
0.99878031	0.99916732	0.99929452	0.99954468	0.99923909	0.99942207	0.99944884	0.99927157	0.99881774	0.99865013	0.99865931	0.99882174	0.99885559	0.99835819	0.99840266	0.99833977	0.99766803	0.9972744	0.9971413	0.99700731	0.99653488	0.99686354	0.99657953	0.99645078	0.99603254	0.99585533	0.99608499	0.99604285	0.99602032	0.99599361	0.99642336	0.99613887	0.99668401	0.99688721	0.99666053	0.99701989	0.99700361	0.99705452	0.99685264	0.99693966	0.99684483	0.99673855	0.99684507	0.99710625	0.99662012	0.99652547	0.99628556	0.99601066	0.9952594	0.99236304
0.99869883	0.99902856	0.99965775	0.99910814	0.99905998	0.99936503	0.99939662	0.99904937	0.99927497	0.99895871	0.9986909	0.9986732	0.99840546	0.9986065	0.9982022	0.99824244	0.99765736	0.99785542	0.99740964	0.99680275	0.99705994	0.99687088	0.99642962	0.99656844	0.99657667	0.99618399	0.9966644	0.99638921	0.9963333	0.9963063	0.99686033	0.99691117	0.99728459	0.99712723	0.99731314	0.99705416	0.99738783	0.99736702	0.99736494	0.99737126	0.99778366	0.99763364	0.9971956	0.99782836	0.9976061	0.99754536	0.99754071	0.99736178	0.99737877	0.9966327
