0.9854005	0.98761237	0.98598593	0.98400205	0.98130834	0.9789772	0.97492248	0.96899098	0.96146977	0.95288759	0.94168919	0.92909175	0.91357511	0.89397943	0.8713569	0.84364969	0.8109268	0.77172685	0.72626328	0.67302006	0.61203146	0.54178768	0.46255496	0.37512627	0.27906364	0.17719486	0.074064128	-0.02985796	-0.13235305	-0.23212682	-0.32701805	-0.41824216	-0.50390267	-0.58354187	-0.65609574	-0.7193836	-0.77328223	-0.81594396	-0.84993881	-0.87580663	-0.89538199	-0.91165411	-0.92485666	-0.93664873	-0.94642437	-0.95511675	-0.96347904	-0.97073412	-0.97731084	-0.9835487
0.98336226	0.98595321	0.98435062	0.98281622	0.98008138	0.97806466	0.97432572	0.96828353	0.96089596	0.95215476	0.94159758	0.92890179	0.91378188	0.8940177	0.87155843	0.84432316	0.81146294	0.77286583	0.72734988	0.67445052	0.61338735	0.54333079	0.46409515	0.37644094	0.28124085	0.17933428	0.076285727	-0.027569136	-0.1297531	-0.22962865	-0.32445592	-0.41543245	-0.50105935	-0.580805	-0.65315366	-0.71635878	-0.76988322	-0.81320024	-0.84727436	-0.87272966	-0.8923344	-0.90890115	-0.92208111	-0.93347967	-0.94385141	-0.95215732	-0.9601928	-0.96801949	-0.9744193	-0.9806689
0.98188627	0.98444676	0.98320287	0.98163831	0.97894335	0.97663456	0.97325879	0.96735227	0.96021616	0.95199561	0.94099504	0.92886621	0.91402006	0.8945908	0.87247479	0.84532082	0.81270862	0.77405179	0.72862136	0.67586416	0.61503828	0.54540664	0.46623167	0.37883151	0.28341556	0.18213797	0.079273544	-0.024770169	-0.12699308	-0.22636802	-0.3217237	-0.41207477	-0.49782923	-0.5771451	-0.64955509	-0.7128247	-0.76646709	-0.80971229	-0.84330481	-0.86896175	-0.8886466	-0.90503621	-0.91840774	-0.93008614	-0.9400149	-0.94864541	-0.95678812	-0.9639402	-0.97069585	-0.97700804
0.98067045	0.98341078	0.98205423	0.98034805	0.9780426	0.97607458	0.97257793	0.96715534	0.95971829	0.95148134	0.94121629	0.92895305	0.91438234	0.89508665	0.8729589	0.84598053	0.81351525	0.77512771	0.73007637	0.67765552	0.61672336	0.54702115	0.4680852	0.38098967	0.28596506	0.18459979	0.081791148	-0.021482641	-0.12364886	-0.2232624	-0.31826878	-0.40887129	-0.49441805	-0.57357621	-0.64605051	-0.70916343	-0.76304507	-0.80595738	-0.83982974	-0.86519563	-0.88521057	-0.90138149	-0.91460854	-0.92606574	-0.93581194	-0.94468868	-0.95307386	-0.9602524	-0.96724039	-0.97335184
0.97963428	0.98257691	0.98135066	0.9798857	0.97744155	0.97525758	0.9722749	0.96660405	0.95938724	0.95134729	0.94127315	0.92922604	0.91453403	0.89552695	0.87361366	0.84654033	0.81458735	0.77600807	0.73115146	0.67874753	0.61840326	0.54901022	0.47008508	0.38331553	0.28819177	0.18694676	0.084852882	-0.018935496	-0.1205919	-0.21996249	-0.31481808	-0.40547627	-0.49068624	-0.57033277	-0.64234513	-0.70538759	-0.75926715	-0.80222809	-0.83595866	-0.86125189	-0.88146794	-0.89769882	-0.91076827	-0.92243963	-0.93249917	-0.94098556	-0.94926369	-0.95620251	-0.96308672	-0.96956444
0.9792906	0.9817695	0.98092532	0.97965509	0.97694099	0.97498757	0.97174114	0.96661824	0.95949173	0.95149416	0.94159305	0.92960453	0.91508484	0.8960427	0.87457776	0.84792221	0.81588387	0.77754766	0.73273551	0.68055302	0.62035692	0.55090886	0.47265357	0.38594615	0.29097372	0.19002575	0.087956324	-0.015351998	-0.1169643	-0.21603794	-0.31083077	-0.40124902	-0.48669642	-0.56585759	-0.63771105	-0.7010532	-0.75508714	-0.79789811	-0.83150262	-0.85703015	-0.87672544	-0.89307725	-0.90655082	-0.91805106	-0.92810369	-0.93642873	-0.94499058	-0.95180482	-0.95902938	-0.96538198
0.97847998	0.98175591	0.98032475	0.97891587	0.97670567	0.97509539	0.97173959	0.96659136	0.95990866	0.95170087	0.94197291	0.93024528	0.91603637	0.89728349	0.87540209	0.84947234	0.81716305	0.77918935	0.73449045	0.68274903	0.62254834	0.55333161	0.47513548	0.38871846	0.2942543	0.19346836	0.09168575	-0.011358981	-0.11249182	-0.21160524	-0.30608344	-0.39626697	-0.48155951	-0.56079918	-0.632797	-0.69589907	-0.74961817	-0.79262996	-0.8260057	-0.85182941	-0.87179285	-0.88838357	-0.90153056	-0.91289389	-0.92267853	-0.93148476	-0.93960017	-0.94645292	-0.95385218	-0.9599542
0.97842723	0.98123342	0.98047513	0.97909933	0.97670072	0.97513592	0.97185051	0.96663278	0.96017468	0.95253032	0.94257927	0.931095	0.91721225	0.89846611	0.87686962	0.85067195	0.81886905	0.78129393	0.73687911	0.68532616	0.625094	0.55620646	0.47864699	0.39228925	0.29819885	0.19782382	0.096071631	-0.0066401972	-0.10772721	-0.20628296	-0.30059174	-0.39119023	-0.47591239	-0.555031	-0.62702829	-0.68981475	-0.74376374	-0.78664005	-0.82008904	-0.8458544	-0.8659339	-0.88191366	-0.89524674	-0.90668958	-0.91613394	-0.92505544	-0.93334383	-0.94040185	-0.94767576	-0.95377415
0.97824728	0.9813146	0.98015434	0.97886199	0.97673345	0.97496122	0.97195888	0.9668873	0.96064013	0.95309675	0.94357669	0.93222696	0.91818666	0.9001416	0.87898821	0.8524121	0.82141554	0.78370064	0.73967606	0.68831444	0.62870634	0.56005794	0.48274577	0.39683649	0.30292347	0.20306222	0.10167649	-0.00088184758	-0.10147378	-0.20017162	-0.29393333	-0.38391677	-0.46878088	-0.54752696	-0.61961925	-0.6826058	-0.73619008	-0.77907872	-0.81250077	-0.83835876	-0.8582164	-0.87458897	-0.88751072	-0.89907664	-0.90874147	-0.91736317	-0.92569691	-0.93277532	-0.9399482	-0.94647211
0.97833085	0.98092735	0.98037511	0.97899693	0.97694337	0.97510767	0.97217315	0.9670971	0.96129143	0.95401293	0.9448691	0.93399096	0.92002124	0.90215462	0.88130486	0.85532475	0.82411671	0.78711838	0.74301773	0.6919623	0.63307858	0.56478918	0.48786274	0.40251589	0.30873489	0.20915128	0.10813309	0.0063166437	-0.094309613	-0.19229835	-0.28595299	-0.37600392	-0.46017045	-0.53914773	-0.61077607	-0.67378867	-0.72726965	-0.7698375	-0.80310601	-0.82923341	-0.84897715	-0.8656587	-0.87844646	-0.89003223	-0.89928615	-0.90856004	-0.91674036	-0.92390203	-0.9309417	-0.93716252
0.97807568	0.98133582	0.98036158	0.97907537	0.97710812	0.97569793	0.97268844	0.96793789	0.96189183	0.95521748	0.94622844	0.93597448	0.92260939	0.9047119	0.88401014	0.85849535	0.82781225	0.79096586	0.74740058	0.69707644	0.63799632	0.57005131	0.49391884	0.40862623	0.31583095	0.21695583	0.11650247	0.014808125	-0.08523865	-0.18293767	-0.27628818	-0.36544034	-0.45002529	-0.52830577	-0.59999269	-0.66291147	-0.71659434	-0.75912774	-0.7925297	-0.81823105	-0.83810079	-0.85468358	-0.86745632	-0.87942404	-0.88863164	-0.89761966	-0.90588641	-0.91270447	-0.91973788	-0.92645121
0.97880173	0.98151177	0.9807111	0.97946155	0.97730798	0.9759177	0.97340369	0.96854514	0.96256232	0.9560886	0.94770539	0.93821537	0.92535132	0.90800458	0.88771838	0.86259723	0.83232898	0.79589307	0.75268656	0.70263422	0.64432085	0.5770672	0.50091833	0.41676179	0.32447705	0.2262271	0.12649775	0.025155352	-0.074373513	-0.17131181	-0.26469427	-0.35315526	-0.43719426	-0.51575375	-0.58697695	-0.64972907	-0.70328355	-0.74555308	-0.77907383	-0.8047502	-0.82474792	-0.84144235	-0.85405469	-0.86604357	-0.87560743	-0.88433677	-0.89262277	-0.89937007	-0.90650862	-0.91289485
0.97905576	0.98184168	0.98133028	0.98002338	0.97799081	0.97674716	0.97380555	0.96945763	0.96368468	0.95697325	0.94906974	0.93984669	0.92806953	0.91202992	0.89221102	0.86742097	0.83766103	0.80142438	0.7593413	0.7096355	0.65208346	0.58563799	0.51034713	0.42643583	0.33479321	0.23731282	0.13813831	0.037875813	-0.061149888	-0.15817304	-0.25018799	-0.33891073	-0.42227688	-0.50050181	-0.57144302	-0.63399225	-0.68752551	-0.73005122	-0.76283473	-0.78871113	-0.80840945	-0.82544643	-0.83817744	-0.85017484	-0.85962343	-0.86813372	-0.87691677	-0.88345623	-0.89057034	-0.89688748
0.97954684	0.98244673	0.98156071	0.98059493	0.97865921	0.97731233	0.97470522	0.97006184	0.96449089	0.95825875	0.95051837	0.94150919	0.93060702	0.91596985	0.89771354	0.8734296	0.84424323	0.80881351	0.7669121	0.71819663	0.66119313	0.59567332	0.52075398	0.43817148	0.347628	0.25091016	0.15252866	0.05287341	-0.044796832	-0.14117488	-0.23317726	-0.32090664	-0.40420914	-0.4819721	-0.55282199	-0.61528766	-0.6685096	-0.71113676	-0.74411947	-0.76980108	-0.78929263	-0.80597538	-0.81883973	-0.83109665	-0.84014571	-0.84955376	-0.85730952	-0.8640396	-0.87170136	-0.87782544
0.97983992	0.98261666	0.98204052	0.98120689	0.97915775	0.978131	0.97538227	0.97094834	0.96548092	0.95960975	0.95199126	0.94337845	0.93290973	0.91918623	0.90264261	0.88013572	0.85228306	0.81736881	0.77657151	0.72866446	0.67244643	0.60768861	0.53411996	0.45276472	0.36272982	0.26762909	0.17006275	0.071235694	-0.025862731	-0.12116565	-0.21252103	-0.29980144	-0.38251016	-0.45968464	-0.53007233	-0.59272224	-0.64594489	-0.68801486	-0.7210896	-0.74688095	-0.76653135	-0.78296679	-0.79604638	-0.8076483	-0.81709331	-0.82616264	-0.8342033	-0.84146309	-0.84867048	-0.85463077
0.98013818	0.98308998	0.9827373	0.98156995	0.97985941	0.97859687	0.97644347	0.97211039	0.96673816	0.96076041	0.9534477	0.94522458	0.93540996	0.9217869	0.90681386	0.88759506	0.86124563	0.8277899	0.78833973	0.74109912	0.68594915	0.62243086	0.55007994	0.46975228	0.38125962	0.28720647	0.19060399	0.093392953	-0.0024094535	-0.097425878	-0.18750168	-0.27412564	-0.35641423	-0.43321759	-0.50310755	-0.56535631	-0.61850196	-0.66079432	-0.69365358	-0.71949667	-0.73920053	-0.7555483	-0.76869947	-0.78006005	-0.79002041	-0.79851604	-0.80670899	-0.81382275	-0.82042634	-0.82724351
0.98102665	0.98369241	0.98323596	0.98215276	0.98024756	0.97936654	0.97708637	0.97304958	0.96825105	0.96233505	0.95551056	0.94762224	0.93760091	0.92487657	0.9107486	0.89332968	0.87101275	0.84012979	0.80170494	0.75623381	0.70241863	0.64033788	0.56910652	0.49045667	0.40325797	0.31104428	0.21551692	0.11973099	0.024904577	-0.068442486	-0.15785629	-0.24308959	-0.32548729	-0.40153325	-0.47131258	-0.53296572	-0.58597165	-0.62779695	-0.66102105	-0.68694657	-0.70663488	-0.72240728	-0.73597586	-0.74734253	-0.7543475	-0.76595312	-0.77379578	-0.78073955	-0.78828055	-0.79450965
0.98149514	0.984052	0.98389262	0.98291796	0.98135805	0.98058242	0.97853541	0.97405976	0.96941608	0.96400517	0.95713997	0.94965166	0.94053406	0.92835563	0.9148978	0.89832175	0.87810266	0.85275394	0.81736529	0.77380633	0.72173482	0.66113377	0.59204876	0.514669	0.42998016	0.33849952	0.24569298	0.15098454	0.057521217	-0.034323435	-0.12240529	-0.20725308	-0.28830561	-0.36410162	-0.43270338	-0.4947525	-0.547095	-0.5894013	-0.62176752	-0.64804554	-0.66750097	-0.68338901	-0.69713855	-0.70851094	-0.71812141	-0.72710973	-0.73531544	-0.74219	-0.74922854	-0.75524193
0.98189497	0.98471838	0.98449677	0.98363113	0.98191291	0.98147154	0.97933054	0.97546023	0.97096533	0.96582901	0.95953721	0.9524101	0.94364554	0.93260813	0.91920292	0.90358406	0.88480252	0.86225921	0.83417034	0.79422355	0.74421453	0.68598735	0.6189211	0.54354393	0.46118507	0.37185687	0.28080255	0.18821017	0.096353292	0.0060509359	-0.080809452	-0.16469069	-0.2448061	-0.32012758	-0.38887304	-0.44981891	-0.50149214	-0.5440619	-0.57668155	-0.60212755	-0.62230909	-0.63790381	-0.65104836	-0.66332704	-0.67266709	-0.68165135	-0.68975139	-0.69610888	-0.70344263	-0.71049386
0.98256749	0.98523647	0.98502612	0.98435265	0.98314154	0.98242795	0.98018104	0.97693872	0.97270095	0.96769482	0.96198303	0.95561278	0.94692516	0.93640107	0.92425579	0.90974766	0.89236456	0.87119621	0.84665567	0.81556141	0.77050877	0.71496904	0.65016413	0.57765687	0.4975777	0.41095701	0.32144549	0.23132087	0.14129414	0.053149886	-0.032229371	-0.11520398	-0.19378021	-0.26872614	-0.33682349	-0.39742902	-0.44905096	-0.49122474	-0.52352488	-0.54903948	-0.56866723	-0.58507264	-0.59844065	-0.60971773	-0.61972743	-0.6283673	-0.63660312	-0.64344615	-0.65028101	-0.65675753
0.98347944	0.98590088	0.98553818	0.98516631	0.98382044	0.9835875	0.9817608	0.97857606	0.97443688	0.9698258	0.96462196	0.9583208	0.95097095	0.94091219	0.92969161	0.91578293	0.90000165	0.88064456	0.85803199	0.83115768	0.79812759	0.74710226	0.68653971	0.61703616	0.53955084	0.45603892	0.36937815	0.28145131	0.19417144	0.10753907	0.024197927	-0.057446077	-0.13515703	-0.20879653	-0.27608457	-0.33645535	-0.38722819	-0.4298881	-0.4619942	-0.48751727	-0.50677562	-0.52379215	-0.53654778	-0.54815316	-0.5580318	-0.56658643	-0.57443637	-0.58179361	-0.58873731	-0.59507817
0.98391914	0.98650497	0.98645788	0.98580134	0.98473114	0.98470098	0.98323995	0.97996575	0.9765718	0.97199714	0.96724588	0.96186429	0.95516205	0.94543165	0.93540615	0.92287946	0.90796828	0.89048076	0.86986524	0.84585381	0.81758779	0.78151262	0.7266131	0.66100532	0.58759791	0.50757694	0.42415196	0.33914492	0.25477654	0.17050704	0.088606291	0.0091710128	-0.067161307	-0.14009218	-0.20656756	-0.26599512	-0.31732854	-0.35920995	-0.39155084	-0.41666844	-0.43632436	-0.45266393	-0.46566033	-0.47707698	-0.48753583	-0.49548286	-0.50399148	-0.5106132	-0.51797855	-0.52431923
0.98479468	0.98753595	0.98711908	0.98680127	0.98575449	0.98581356	0.98439264	0.98158956	0.97849131	0.97461563	0.97013652	0.96507609	0.95879936	0.95091772	0.94154793	0.9303453	0.9171055	0.9007889	0.88216025	0.8609485	0.83578503	0.80519617	0.76780885	0.70936185	0.6406188	0.56445569	0.48547837	0.40454569	0.32292166	0.24124685	0.16159029	0.084359154	0.0093161333	-0.062173251	-0.12811266	-0.18671639	-0.23773845	-0.27945945	-0.31187794	-0.33704579	-0.35655206	-0.37241724	-0.38599032	-0.39753142	-0.40742898	-0.41615772	-0.42443833	-0.4309997	-0.43844599	-0.44446141
0.98549825	0.98797685	0.98760098	0.9877575	0.98709095	0.98697519	0.98580498	0.98330629	0.9805401	0.97719884	0.97314894	0.96908593	0.96321142	0.95620036	0.94754678	0.9377591	0.92601848	0.91171277	0.89534539	0.87634379	0.85406888	0.82814896	0.79680556	0.75790918	0.69710815	0.62614948	0.55224746	0.47580841	0.39767185	0.31912166	0.24328367	0.1677677	0.094140217	0.024482895	-0.041056477	-0.099904574	-0.14969145	-0.19066335	-0.22339562	-0.24885689	-0.26810065	-0.28437191	-0.29771492	-0.30888212	-0.31913605	-0.32787341	-0.33594567	-0.34269062	-0.34973875	-0.35595712
0.98618174	0.98884344	0.98882306	0.98847777	0.98824364	0.98843116	0.98767227	0.98532844	0.98295921	0.97981822	0.97633749	0.97291517	0.96790773	0.96152759	0.95411867	0.94544995	0.93488395	0.92237622	0.90818751	0.89193153	0.87253672	0.84991932	0.82309759	0.79139292	0.75302386	0.69071424	0.62278634	0.55167532	0.47843716	0.40418053	0.33037376	0.25805366	0.18630943	0.11738864	0.053566262	-0.0046124151	-0.054628778	-0.094994299	-0.12737137	-0.15283953	-0.172414	-0.18853214	-0.20175596	-0.21322206	-0.22289559	-0.23200896	-0.23991574	-0.24675414	-0.25368449	-0.26018363
0.98765326	0.98966235	0.98964256	0.98968399	0.98931891	0.98989332	0.98875225	0.98715115	0.98514938	0.98247558	0.97955501	0.97642154	0.97211176	0.96674734	0.96049559	0.9525525	0.94407964	0.93293077	0.92087424	0.90704191	0.8906253	0.87145686	0.84839678	0.82234198	0.79135895	0.75284952	0.69376379	0.6289565	0.56115156	0.49213439	0.42275417	0.35300586	0.28355616	0.21659711	0.15386878	0.096583202	0.046919849	0.0067074946	-0.025953403	-0.050908715	-0.07090991	-0.086435363	-0.10001862	-0.11169856	-0.12159562	-0.13029176	-0.13899025	-0.14541617	-0.152752	-0.15856867
0.98850024	0.99064761	0.99066836	0.99073446	0.99044555	0.99133182	0.99020386	0.98882592	0.98713946	0.98510188	0.98269701	0.97997189	0.97640544	0.97154558	0.96623188	0.96004963	0.95265716	0.94317478	0.93277365	0.92149657	0.90750468	0.89140081	0.8726635	0.85105759	0.82575762	0.79549789	0.75994384	0.70460373	0.64381701	0.58068705	0.51631123	0.44966635	0.38322452	0.3186895	0.25716642	0.20082483	0.15233988	0.111417	0.079311013	0.053566065	0.033559792	0.017819742	0.0045383396	-0.0069488073	-0.017048385	-0.0258881	-0.034193426	-0.041537333	-0.047902297	-0.054241259
0.98969394	0.99113095	0.99167997	0.99144727	0.99153596	0.992585	0.9919011	0.99049091	0.9889344	0.9873026	0.98520118	0.98318541	0.98017532	0.97680271	0.97187656	0.96688795	0.96043015	0.95290691	0.94427037	0.93460494	0.92330801	0.90978485	0.89451903	0.87715262	0.8564502	0.83229584	0.80540228	0.7729457	0.72185904	0.66582948	0.60687691	0.54541785	0.48275632	0.42040476	0.36120445	0.30639499	0.25752923	0.21766275	0.18532471	0.15923224	0.13932307	0.12317171	0.10961401	0.098400503	0.088169254	0.07927417	0.071101539	0.063709788	0.056813259	0.050957527
0.9905622	0.99228472	0.99299866	0.99288958	0.99247038	0.99366677	0.99280316	0.99203694	0.99110699	0.98940921	0.98794168	0.98613477	0.98390037	0.98110402	0.97700214	0.97286832	0.96782213	0.96121234	0.95429158	0.94654763	0.9378252	0.92685765	0.91492313	0.90038037	0.88388348	0.86454213	0.84326923	0.81904411	0.78924304	0.74246186	0.69129986	0.63620204	0.57875919	0.51940238	0.46243253	0.40922993	0.36193207	0.32209918	0.29008141	0.26363754	0.2436782	0.22716485	0.21356395	0.20187679	0.19157952	0.18231058	0.17467853	0.16688344	0.16088858	0.15388012
0.99140942	0.99314135	0.99350816	0.99348849	0.99381971	0.99457592	0.99451411	0.99384153	0.99248105	0.99118638	0.99029762	0.98900396	0.9869774	0.98448473	0.98181981	0.97837126	0.97435421	0.96869153	0.96349698	0.95730317	0.95045483	0.94136828	0.93201292	0.92058426	0.90757656	0.89243418	0.87567252	0.85741854	0.83589506	0.80847639	0.76658177	0.71919781	0.66757536	0.61358291	0.56050014	0.50903016	0.46311131	0.42379132	0.39206919	0.36535725	0.34546265	0.32835424	0.31490141	0.30259013	0.29256511	0.2831113	0.27470645	0.2672798	0.26104611	0.25505883
0.99278706	0.99423873	0.99461865	0.99438965	0.99483359	0.99596143	0.99552578	0.99464381	0.99363214	0.99290591	0.99224788	0.99101043	0.98983169	0.9878267	0.98586595	0.98317719	0.9795469	0.97532749	0.97122508	0.96610522	0.96059793	0.95392758	0.94631559	0.93756598	0.92758846	0.91571277	0.90292948	0.8890087	0.87252492	0.85340506	0.82847697	0.79075497	0.7471112	0.69996148	0.65158004	0.60339683	0.5592832	0.52104634	0.48891309	0.4625755	0.44277999	0.42575833	0.4116219	0.3994076	0.38933051	0.37939173	0.37100089	0.36329538	0.35705435	0.35085219
0.99374753	0.9947843	0.99524128	0.99539858	0.99566251	0.9964484	0.99659157	0.99575329	0.99490535	0.99452692	0.99396569	0.99334711	0.99223506	0.99079692	0.98891681	0.98658806	0.98401177	0.98067254	0.97741306	0.97386813	0.9694193	0.96417713	0.95840585	0.95175534	0.94364643	0.93425357	0.92440915	0.9144755	0.90278536	0.88803273	0.87072021	0.84753704	0.8149249	0.77620685	0.73365957	0.69031441	0.6491276	0.61197126	0.58120102	0.55532545	0.53473961	0.51771986	0.50383246	0.49117276	0.48045242	0.47053468	0.46190533	0.45395088	0.44828516	0.44187257
0.99458301	0.99547243	0.99584758	0.99597257	0.9966628	0.99769866	0.9975087	0.9969247	0.99609476	0.99565023	0.99530119	0.99447274	0.99393475	0.99277014	0.99143785	0.98961467	0.98783481	0.98453295	0.98302227	0.97983897	0.97661585	0.972435	0.96801502	0.96312791	0.95653927	0.9493916	0.94186884	0.93453687	0.92609757	0.91560978	0.90289485	0.88760817	0.86741966	0.83937693	0.80603892	0.7692498	0.73136133	0.69762498	0.66747785	0.64188874	0.62141478	0.60454035	0.59032071	0.57740086	0.56653255	0.5569967	0.54833525	0.54013878	0.5337761	0.5277431
0.99548632	0.99613589	0.99663287	0.99716473	0.99698484	0.99809837	0.99824929	0.99759227	0.99686152	0.99660331	0.99648464	0.996171	0.99568737	0.99488491	0.99368906	0.99209994	0.99078971	0.98866016	0.98701894	0.98460644	0.98207998	0.97883368	0.9757601	0.97178108	0.96698296	0.96141803	0.95592219	0.95042562	0.94452345	0.93710357	0.92772359	0.91724819	0.90424377	0.88850749	0.8649857	0.83644938	0.80523413	0.7745257	0.74681526	0.7221393	0.70209521	0.68537444	0.67085701	0.65835458	0.64720452	0.63674468	0.6277374	0.61993438	0.61398172	0.60783172
0.99559301	0.99714696	0.99690711	0.99729609	0.99792624	0.99908936	0.99915516	0.99794459	0.99782974	0.99737215	0.9974401	0.99695045	0.99681568	0.99608362	0.99522877	0.99411017	0.99278069	0.99147028	0.99028605	0.98819864	0.98668307	0.98443162	0.98162383	0.97849262	0.97499496	0.97002435	0.96640092	0.96286827	0.95806617	0.95311725	0.9469521	0.93961722	0.93099552	0.92121542	0.90889347	0.89001471	0.86656052	0.84115303	0.81642705	0.79388988	0.77450413	0.75843877	0.74385047	0.73141479	0.72003144	0.70959514	0.70044553	0.69263524	0.68607348	0.6799863
0.99649042	0.99742448	0.9973709	0.99766803	0.99831498	0.99926931	0.99925745	0.99863553	0.99849445	0.99824142	0.99814594	0.99776262	0.99756306	0.99710518	0.99637222	0.9957152	0.99453926	0.99355161	0.99210083	0.99125886	0.98964143	0.98849809	0.98614055	0.98369139	0.9805966	0.97734231	0.97423953	0.97193682	0.96873313	0.96530622	0.96096909	0.95577615	0.94982463	0.94422722	0.93760657	0.92839479	0.91359591	0.89475441	0.87432659	0.85414481	0.83712918	0.82103562	0.80774152	0.79482293	0.78359956	0.77343076	0.76402503	0.75626159	0.74983269	0.74397576
0.99658448	0.99771893	0.99770492	0.99838895	0.99868315	1	0.99929589	0.99895304	0.99857152	0.99862796	0.9987548	0.99833435	0.99821502	0.99810749	0.99752074	0.99650621	0.99567831	0.99509746	0.99413455	0.99323195	0.99233246	0.9904893	0.98940539	0.98768377	0.98521733	0.98275882	0.98021036	0.97847068	0.97720087	0.97430784	0.97111452	0.96782607	0.96342462	0.96016496	0.95615894	0.95232576	0.94594991	0.93416065	0.91922051	0.903256	0.88699478	0.87374651	0.86031443	0.84802866	0.83707231	0.82657403	0.81759238	0.80945551	0.80296624	0.79767215
0.99683815	0.99784994	0.9980942	0.99818122	0.99887723	0.99959248	0.99947166	0.99904525	0.99883801	0.99855679	0.99853259	0.99853891	0.99791539	0.99826974	0.99830699	0.99688327	0.9965657	0.99575937	0.99505383	0.99479133	0.99384487	0.99249178	0.99129766	0.990466	0.98784649	0.98562407	0.9847452	0.98343289	0.98234773	0.98029208	0.9782005	0.97611624	0.97311252	0.9711861	0.96902937	0.96692759	0.96387541	0.95922047	0.95011169	0.93840629	0.92608082	0.91371679	0.90167201	0.89033759	0.87966418	0.86864024	0.86005598	0.85198843	0.84594691	0.84044409
0.99633116	0.99754345	0.99761468	0.99818861	0.99854589	0.99956703	0.99873227	0.99881947	0.99876249	0.99874401	0.99878639	0.99884468	0.99851841	0.99841964	0.9979707	0.99743503	0.9969427	0.99645227	0.99601835	0.99525976	0.99495107	0.99388885	0.99322498	0.99195421	0.99025548	0.98825955	0.98692352	0.98719281	0.98631614	0.98497355	0.98369384	0.98110032	0.97930628	0.978414	0.97676444	0.97640729	0.97475594	0.97278023	0.9686811	0.96179974	0.95298874	0.9429068	0.93286204	0.92235631	0.91226894	0.90201694	0.89264792	0.88496459	0.87911201	0.87326169
0.99658424	0.99739927	0.99768972	0.99813366	0.99867052	0.99936068	0.99932975	0.99903595	0.99885803	0.99854141	0.99853891	0.99844825	0.99836588	0.99827921	0.99813712	0.99755895	0.99752438	0.99652278	0.99623144	0.99629015	0.99562544	0.99474907	0.99454206	0.99359488	0.99196357	0.98991483	0.98966146	0.98955548	0.98897964	0.9885065	0.9870736	0.98536623	0.98384291	0.98323697	0.98317498	0.98213392	0.98152268	0.98024535	0.97827286	0.97573274	0.96966523	0.96278751	0.95448905	0.94562495	0.93628436	0.92661983	0.91802824	0.91028517	0.90428907	0.89875054
0.99647284	0.99727142	0.99773955	0.9979586	0.99889934	0.99949241	0.99930561	0.99896735	0.99848741	0.99833083	0.99883837	0.99855042	0.99891335	0.99824589	0.99818414	0.99770308	0.99755782	0.99689025	0.99641532	0.99662775	0.99615389	0.9958747	0.9947474	0.99420309	0.99299681	0.99146235	0.99086279	0.991413	0.99130511	0.99050391	0.98997188	0.98819393	0.98706466	0.98653406	0.9871366	0.98651671	0.98601753	0.98525977	0.98374736	0.98216277	0.98034114	0.97627127	0.96997005	0.96195668	0.95426369	0.94521087	0.93631577	0.92949098	0.92375368	0.91792101
0.99664754	0.99731266	0.99744028	0.99768341	0.99805135	0.999331	0.99931598	0.99888396	0.99844337	0.99840814	0.99799693	0.99880552	0.99859536	0.99836522	0.99835002	0.99800324	0.99752843	0.99714017	0.99698657	0.99664718	0.99645293	0.99584812	0.99598598	0.99491769	0.99402577	0.99247068	0.99233937	0.99287939	0.99288738	0.99199438	0.99165022	0.99034482	0.98959678	0.98918062	0.98949671	0.98954082	0.98902529	0.98840898	0.98709822	0.98567021	0.9853763	0.9843815	0.98026818	0.97415245	0.96744788	0.95869803	0.9506312	0.94370484	0.93857521	0.93378258
0.99640626	0.99712527	0.99704015	0.99755186	0.9981423	0.99935877	0.99896961	0.99857402	0.9984991	0.99840575	0.99910247	0.99846315	0.99875307	0.99854589	0.99821246	0.99815917	0.99785393	0.99745548	0.99743605	0.99688828	0.9968127	0.99633998	0.99594355	0.99563211	0.99454421	0.99313927	0.99300283	0.99349093	0.99363881	0.99357027	0.9927665	0.99195015	0.99091291	0.99074936	0.99123001	0.99173689	0.99121785	0.99076223	0.98970246	0.98876399	0.98807502	0.98831457	0.9870916	0.9828369	0.97687054	0.96966338	0.96254832	0.95570922	0.95073879	0.94544947
0.99616265	0.9970296	0.99736738	0.99748337	0.99797225	0.99930006	0.99926531	0.99849999	0.99817091	0.99826324	0.99829465	0.99879819	0.99815345	0.99843937	0.99839073	0.99827182	0.99730504	0.99697965	0.99701667	0.99756658	0.99702632	0.99668294	0.99668658	0.99613267	0.9949559	0.99406254	0.99377275	0.99428868	0.99476129	0.99423856	0.99416232	0.99297178	0.99234748	0.9923557	0.99338734	0.9933458	0.99314743	0.99212086	0.99118096	0.99018383	0.99050421	0.99075258	0.99025273	0.98845196	0.98415953	0.97815931	0.97172481	0.96573645	0.960958	0.95664263
0.99656564	0.996714	0.99718982	0.99743384	0.99844688	0.99919242	0.99920249	0.99868619	0.99845916	0.99853402	0.99861789	0.9986307	0.99881321	0.99854338	0.99839938	0.99835825	0.99743277	0.99732131	0.99764776	0.99703938	0.99728549	0.99744415	0.99653661	0.9967261	0.99554175	0.99454671	0.9947834	0.99501872	0.99545616	0.99525553	0.994798	0.99383998	0.99316174	0.99373138	0.99430174	0.99422127	0.99413592	0.99371278	0.99251091	0.99202937	0.99208224	0.99236059	0.9919765	0.99104118	0.98992234	0.98492855	0.97956294	0.97430587	0.97013438	0.96566796
0.99640095	0.99715704	0.99709886	0.99729812	0.99791414	0.99881279	0.99873412	0.99828583	0.99816644	0.99823958	0.99851102	0.99848223	0.99876386	0.99842179	0.99824876	0.99795127	0.99752802	0.99748766	0.99745882	0.99742651	0.99707866	0.99687588	0.99719721	0.9966765	0.99552751	0.99498039	0.99494749	0.99538845	0.99561507	0.99562913	0.99554491	0.99467796	0.99429476	0.99424481	0.99517071	0.99550331	0.99526691	0.99458289	0.99388933	0.99284846	0.99328858	0.99325883	0.99353951	0.99328518	0.99239939	0.99025905	0.98607469	0.98158741	0.97798556	0.97379792
0.9964509	0.99706095	0.99710834	0.99755085	0.99828398	0.99883586	0.99893969	0.99851835	0.99842638	0.99846053	0.99851745	0.9985711	0.99892926	0.99800628	0.99848205	0.99799401	0.99743247	0.99762708	0.99749935	0.99735057	0.99765009	0.99748653	0.99748731	0.99697274	0.99610287	0.99511391	0.99505591	0.99623197	0.99613827	0.99584895	0.99575841	0.99507612	0.99484408	0.99514765	0.99566156	0.99626237	0.99629825	0.99587029	0.99481416	0.9936046	0.9941352	0.99472684	0.9950245	0.99502569	0.99427283	0.99284703	0.99087852	0.98811609	0.98523945	0.98172301
0.99645758	0.99684399	0.99710333	0.99743122	0.99848455	0.99873984	0.99864835	0.99829632	0.99825847	0.9979226	0.99837142	0.99857706	0.99885517	0.99869055	0.99828941	0.99811321	0.99779433	0.99772131	0.99759507	0.99770564	0.99759114	0.99743658	0.99748385	0.99711788	0.99615622	0.99540859	0.99573076	0.9962998	0.99639672	0.99669915	0.99627215	0.99569046	0.99545562	0.99598193	0.99676538	0.99694031	0.99657953	0.99628264	0.99561322	0.99501407	0.99506146	0.99606335	0.99597579	0.99609345	0.99589694	0.99435848	0.99331117	0.99292022	0.99120212	0.98826391
0.9965415	0.99739432	0.99717671	0.99747956	0.99819261	0.99895281	0.99890685	0.99824184	0.9980799	0.99842435	0.99836254	0.99875784	0.99839592	0.99860054	0.9984327	0.99843168	0.99803191	0.99762893	0.99799258	0.99784648	0.99809581	0.99784774	0.99780685	0.99714851	0.99576789	0.99542522	0.99559838	0.99628747	0.99665093	0.99669611	0.99681437	0.99605054	0.99583656	0.99631816	0.99681515	0.99731308	0.99741727	0.99681395	0.9960717	0.99532729	0.99629307	0.99701029	0.99730736	0.99725914	0.99659944	0.99572319	0.99441826	0.99531925	0.9958989	0.99392337
0.99706298	0.99700785	0.99744433	0.99706793	0.99843812	0.99949384	0.99871755	0.99808562	0.99854606	0.99834365	0.99860179	0.99857813	0.99842638	0.99826944	0.99833179	0.99827981	0.99794155	0.99774057	0.99802542	0.99778515	0.99764973	0.99805033	0.99798334	0.99722344	0.99661756	0.99551928	0.99598259	0.99695981	0.9975962	0.99697983	0.99688631	0.99622619	0.99557334	0.99693775	0.99726903	0.99781805	0.99744421	0.99703681	0.99662691	0.99634427	0.99676436	0.9976179	0.9981389	0.99827546	0.99795681	0.99713159	0.99640203	0.99691522	0.99839824	0.99856162
