0.98502284	0.98849726	0.98669338	0.98569798	0.9828254	0.97983593	0.97490281	0.96957701	0.96263283	0.95379627	0.94349068	0.93116575	0.91612113	0.89695585	0.87424475	0.84825909	0.81723917	0.78109634	0.73821634	0.68801284	0.62899476	0.56133491	0.48583513	0.40251425	0.3124314	0.21607435	0.11685836	0.016182134	-0.083525725	-0.17942087	-0.2726182	-0.36155862	-0.44665059	-0.52637798	-0.60092515	-0.66732764	-0.72487885	-0.77257526	-0.81038827	-0.84146017	-0.86686385	-0.88774264	-0.90518147	-0.92074484	-0.93438625	-0.94676632	-0.95758623	-0.96726698	-0.97599822	-0.98331761
0.98388064	0.98702496	0.98551863	0.98434865	0.98163682	0.97870463	0.97395772	0.96896583	0.96171784	0.95297599	0.9433257	0.93104202	0.91614896	0.89685535	0.87457073	0.84900582	0.81784743	0.78207552	0.73910552	0.68909776	0.62985104	0.56259	0.48740655	0.40396008	0.3141596	0.21767935	0.11887886	0.018424591	-0.081270367	-0.17728905	-0.27024323	-0.35902858	-0.44377902	-0.52405435	-0.59809959	-0.66435707	-0.72204477	-0.76993203	-0.80781752	-0.83900374	-0.86399096	-0.88467664	-0.90256566	-0.9181236	-0.93151337	-0.94394159	-0.95490217	-0.9645468	-0.9732973	-0.98064089
0.98192185	0.98539543	0.98452622	0.98325241	0.980573	0.97773272	0.97286856	0.96805519	0.96090567	0.9525556	0.94309974	0.93088651	0.91614532	0.89731771	0.87508529	0.84944063	0.8186751	0.78320122	0.74048054	0.69022763	0.63127118	0.56417304	0.48887441	0.40626469	0.31619373	0.22018389	0.121243	0.021031458	-0.078447968	-0.17405802	-0.26679906	-0.35608321	-0.44055119	-0.52075404	-0.59511822	-0.66116935	-0.71872026	-0.76661587	-0.80420232	-0.83538973	-0.86063594	-0.88137949	-0.89921343	-0.9147777	-0.92819077	-0.94039464	-0.9514932	-0.96116167	-0.96985191	-0.97713107
0.9808954	0.9845795	0.98333794	0.98263156	0.98003346	0.97695583	0.97212785	0.9676047	0.96058381	0.95208222	0.94284177	0.93088806	0.91647816	0.89769685	0.87552315	0.84987724	0.8197968	0.78411245	0.74146384	0.69165641	0.63271266	0.5656814	0.49057996	0.40816337	0.31838048	0.22275096	0.12392875	0.023628227	-0.075477734	-0.17144038	-0.26412466	-0.35283348	-0.43741158	-0.51706177	-0.59149557	-0.65779215	-0.715285	-0.76286584	-0.80089778	-0.83194762	-0.8573432	-0.87791765	-0.8957085	-0.91125906	-0.9246555	-0.93701863	-0.9479351	-0.95763022	-0.96623045	-0.97323006
0.98009419	0.98369062	0.98253995	0.98141909	0.97931671	0.97629637	0.9721458	0.96692854	0.96011192	0.95230079	0.94285858	0.93102717	0.91644871	0.89812118	0.87622482	0.85089695	0.82056004	0.78524303	0.74267894	0.69305521	0.63443434	0.56754673	0.49269569	0.41028607	0.32071915	0.22530839	0.12633587	0.026619077	-0.072673351	-0.1683336	-0.26062149	-0.34922785	-0.43389985	-0.51380837	-0.58773899	-0.65429914	-0.71170819	-0.75931972	-0.79697394	-0.82782161	-0.85367781	-0.87390506	-0.89161974	-0.90718091	-0.92084795	-0.9329592	-0.94410354	-0.95381618	-0.96256244	-0.96971333
0.97970319	0.98321152	0.98235649	0.98132157	0.97883433	0.9759661	0.97196537	0.96687013	0.9605239	0.95205504	0.94317663	0.93125737	0.91701496	0.89875543	0.87658131	0.85190243	0.82154143	0.78636456	0.7438283	0.69459492	0.63626057	0.56953102	0.4950054	0.41271338	0.32329342	0.22825234	0.12977028	0.029971644	-0.069080897	-0.1644491	-0.25702432	-0.34544635	-0.4298043	-0.50940758	-0.58353412	-0.64980912	-0.70731866	-0.7549575	-0.79274219	-0.82384807	-0.84914905	-0.86955279	-0.88741928	-0.90282738	-0.91655326	-0.92864692	-0.93969667	-0.9494018	-0.95759487	-0.96517313
0.97922665	0.98255444	0.98177534	0.98111367	0.97849649	0.9758364	0.97158861	0.96685421	0.96041071	0.95269722	0.94340271	0.93179321	0.91763741	0.89953035	0.87798625	0.85303706	0.82269996	0.78797621	0.74555981	0.69642174	0.63846952	0.5719263	0.49767739	0.41561666	0.32654351	0.23166443	0.13352479	0.033689979	-0.065249473	-0.15989412	-0.25246981	-0.34078863	-0.42509809	-0.5044505	-0.57870299	-0.64504528	-0.70242077	-0.75002301	-0.78753841	-0.81851834	-0.84409648	-0.86442614	-0.88217723	-0.89798123	-0.91107643	-0.92348784	-0.93442649	-0.94463217	-0.95256376	-0.96015316
0.97892159	0.98254865	0.98162913	0.98069555	0.97858113	0.97576684	0.9716323	0.96716845	0.96079981	0.95322061	0.94430453	0.93286169	0.91886646	0.90062064	0.87906742	0.85443294	0.82453579	0.78999197	0.7476632	0.69870806	0.64090824	0.5746755	0.50084734	0.41891849	0.3300595	0.23551179	0.13764176	0.038368132	-0.060186625	-0.15494631	-0.24694295	-0.33510217	-0.41903916	-0.49872547	-0.57263076	-0.63913482	-0.69627535	-0.74381417	-0.78188872	-0.81232178	-0.83810961	-0.85838032	-0.87593222	-0.8917287	-0.90518534	-0.91775966	-0.92817914	-0.93807006	-0.94661075	-0.95400536
0.97892779	0.98227644	0.98151696	0.9805674	0.97854143	0.97598612	0.97189617	0.96745378	0.96132886	0.95392871	0.94510698	0.93388098	0.91990274	0.9018867	0.88096982	0.856327	0.8266713	0.79243827	0.7506749	0.70182395	0.64401519	0.57827222	0.50424796	0.42329887	0.33460966	0.24063131	0.14284562	0.044260211	-0.054128945	-0.14863166	-0.24067329	-0.327986	-0.41239721	-0.49201411	-0.56572992	-0.63168305	-0.68914437	-0.73667568	-0.77408832	-0.8049233	-0.83075345	-0.85101628	-0.86865836	-0.88389963	-0.89780718	-0.91005486	-0.92081589	-0.93064255	-0.93927902	-0.94657308
0.97880358	0.98245734	0.98185837	0.98067313	0.9783892	0.97638804	0.97204602	0.96810722	0.96191591	0.95437151	0.94602835	0.93535572	0.92147917	0.90376943	0.88284081	0.85854816	0.82964927	0.79518449	0.7534501	0.70530891	0.6476962	0.58252186	0.50927818	0.42855805	0.34025154	0.24673474	0.14939395	0.051321261	-0.046690363	-0.14109942	-0.23250322	-0.32006079	-0.40420535	-0.48371723	-0.55681157	-0.62313312	-0.68018794	-0.72756183	-0.76535046	-0.79590219	-0.82200408	-0.84190214	-0.85992628	-0.87542528	-0.88889372	-0.90087044	-0.9120425	-0.92196274	-0.9302122	-0.9376452
0.97901446	0.98255831	0.98175186	0.98099577	0.97887868	0.97645199	0.9724524	0.96826458	0.96256602	0.95550048	0.94754702	0.93709517	0.92374653	0.90634191	0.88552517	0.86128277	0.8327558	0.79871732	0.75762743	0.70954949	0.65228897	0.58723044	0.51480967	0.43450627	0.34705284	0.25371408	0.15704815	0.059173547	-0.037945453	-0.13203289	-0.22317569	-0.31071299	-0.39421651	-0.47368383	-0.54663044	-0.61232418	-0.66958296	-0.71684843	-0.75457484	-0.78540063	-0.81086916	-0.83126032	-0.84893435	-0.86447895	-0.87829018	-0.89049858	-0.9010644	-0.91116655	-0.91942447	-0.92658013
0.97891718	0.9827686	0.98228902	0.98124951	0.97917384	0.97668558	0.97280717	0.96892655	0.96309543	0.95625788	0.94885463	0.93902445	0.92617136	0.90933657	0.88860667	0.86514729	0.83646214	0.80335128	0.76233065	0.71493059	0.65819246	0.59372628	0.52172524	0.44233218	0.35520518	0.26242819	0.16653484	0.068957493	-0.028042613	-0.12109003	-0.21219859	-0.29910922	-0.38250768	-0.46119919	-0.53447837	-0.60012567	-0.65709496	-0.70416307	-0.74217433	-0.77201098	-0.79799217	-0.81896555	-0.83621913	-0.85146362	-0.86584479	-0.87719107	-0.88830221	-0.89846683	-0.90675205	-0.9139666
0.97938275	0.98326391	0.98210299	0.98167032	0.97970718	0.97740072	0.97356534	0.96970886	0.96402591	0.95734906	0.95009387	0.94061673	0.92894059	0.91290438	0.89274937	0.86971849	0.84188473	0.80861485	0.76816136	0.72133958	0.66530752	0.6018309	0.53052306	0.45148847	0.36514124	0.27317151	0.178184	0.081233859	-0.015107906	-0.10798742	-0.19833785	-0.28513438	-0.36750939	-0.44616109	-0.51920336	-0.58458066	-0.64182311	-0.68853539	-0.72672194	-0.75741971	-0.7828511	-0.80331129	-0.82089078	-0.8366316	-0.84997731	-0.86221224	-0.87291729	-0.88339615	-0.89138943	-0.89860547
0.97984964	0.98349273	0.98282963	0.98214447	0.98036283	0.97793859	0.97419608	0.97046751	0.96490729	0.9587059	0.95135957	0.94237065	0.93154073	0.91652703	0.89752579	0.87508172	0.84757435	0.81503063	0.77583253	0.72884029	0.67390704	0.61085212	0.54025352	0.46203411	0.37707883	0.28575903	0.19143197	0.095791966	1.4858448e-05	-0.092266031	-0.18188982	-0.26849529	-0.35022131	-0.42920265	-0.50125748	-0.56627476	-0.62345272	-0.67026293	-0.70816588	-0.73893595	-0.76441795	-0.78486437	-0.80242294	-0.81805128	-0.83157712	-0.84414637	-0.85494167	-0.86507446	-0.87291455	-0.88006353
0.98017526	0.98378026	0.98327059	0.9824279	0.98069412	0.97872472	0.97506058	0.97142929	0.96610963	0.95970029	0.9526363	0.9443028	0.93353379	0.91928571	0.9022885	0.88153106	0.854693	0.82273597	0.78411222	0.73847669	0.6841082	0.6226303	0.55278838	0.4754914	0.39164016	0.30119893	0.20786573	0.11318153	0.017966796	-0.073435046	-0.16252396	-0.24823777	-0.32985631	-0.40752119	-0.47977015	-0.54460388	-0.60164332	-0.64876342	-0.68624485	-0.71679854	-0.74227548	-0.76329368	-0.78044182	-0.79608071	-0.8097316	-0.82177299	-0.83260608	-0.84268188	-0.85021544	-0.85802108
0.98051047	0.9844563	0.98373634	0.98299575	0.98152673	0.97957546	0.9756791	0.9720695	0.96732742	0.96106935	0.95436609	0.94601917	0.93554181	0.9220627	0.9063614	0.88796872	0.86294347	0.83232474	0.79466361	0.74994683	0.69684863	0.6357255	0.56729275	0.49144611	0.40891281	0.31986231	0.22742055	0.13333265	0.039668925	-0.05049251	-0.13876706	-0.22384454	-0.30531093	-0.38225737	-0.45470962	-0.51895297	-0.57536721	-0.62252754	-0.66009104	-0.69096017	-0.71640193	-0.73688823	-0.75425452	-0.76969922	-0.78359294	-0.79569423	-0.8066777	-0.81649834	-0.82440841	-0.8313852
0.98120916	0.98504055	0.98443764	0.98360342	0.98209471	0.98033661	0.97685575	0.97336727	0.96871459	0.96269989	0.95645118	0.94821644	0.93815476	0.92505109	0.91020477	0.89335901	0.87206823	0.84349769	0.80707759	0.76348579	0.71175152	0.65200323	0.58525532	0.51044291	0.42862999	0.34179679	0.25089213	0.15820263	0.065955125	-0.023410538	-0.1109261	-0.1947469	-0.27571365	-0.35225925	-0.42441878	-0.48818576	-0.5446797	-0.59172618	-0.62889421	-0.65959632	-0.68497604	-0.70545816	-0.72298509	-0.73788297	-0.75177425	-0.76416188	-0.77546215	-0.78522766	-0.79295129	-0.80019236
0.98159736	0.9853735	0.98494416	0.98441893	0.98278791	0.9808678	0.97803032	0.97457385	0.97026551	0.964176	0.9583602	0.95040685	0.94096154	0.92863905	0.9138906	0.8984555	0.87918818	0.85511094	0.82131577	0.77963877	0.7294718	0.67140102	0.60609931	0.53332007	0.45367917	0.36786941	0.27887118	0.18747163	0.096909761	0.0087912045	-0.077242307	-0.16028237	-0.24063718	-0.31644216	-0.38803181	-0.45233703	-0.50813532	-0.55490613	-0.59224761	-0.62252402	-0.64808977	-0.66846251	-0.68594879	-0.70144099	-0.71497339	-0.72736889	-0.73865145	-0.74797285	-0.75597161	-0.76363754
0.98226368	0.98585051	0.98564935	0.98502749	0.98383921	0.98201352	0.97899014	0.97606516	0.97162527	0.96625274	0.96061385	0.95316511	0.94418418	0.93190008	0.91825902	0.90355968	0.8856346	0.86426431	0.83679605	0.798307	0.75030887	0.6943987	0.63142228	0.56067008	0.48254538	0.39929223	0.31191656	0.22240223	0.13389	0.047087308	-0.038302802	-0.12000385	-0.19953173	-0.27482456	-0.34593943	-0.40917781	-0.46506733	-0.51158094	-0.54941601	-0.57918853	-0.6052593	-0.62459213	-0.64280468	-0.65834767	-0.67166448	-0.68368995	-0.69505572	-0.70491785	-0.71281362	-0.72038144
0.98306501	0.98647928	0.98624015	0.98585284	0.98477679	0.98300362	0.98025894	0.97741777	0.97319841	0.96828103	0.96301723	0.95629191	0.94716829	0.93617988	0.92351627	0.90959275	0.89265257	0.8728174	0.84822303	0.8184604	0.77432579	0.72136164	0.66056144	0.59267998	0.5171966	0.43564793	0.35102114	0.26309755	0.17630465	0.091276534	0.0083702682	-0.073001787	-0.15148522	-0.22540642	-0.29647598	-0.35903427	-0.41478947	-0.46102384	-0.49882448	-0.52851886	-0.55412972	-0.57397741	-0.59170353	-0.6076014	-0.62112957	-0.63331872	-0.64441639	-0.65385914	-0.66217852	-0.66965908
0.98334825	0.98708338	0.9871099	0.98656583	0.98557502	0.98404998	0.98197979	0.9789477	0.97539496	0.97052807	0.96560645	0.95919359	0.95122313	0.94076943	0.92863238	0.91593111	0.90007693	0.88212126	0.85975313	0.83321923	0.79943669	0.75142562	0.69420028	0.62905169	0.55669141	0.47842371	0.39615986	0.31125587	0.22651738	0.14289211	0.061890703	-0.017945165	-0.095440902	-0.16871463	-0.2385563	-0.3009119	-0.35601828	-0.40175623	-0.43925098	-0.46987393	-0.49519426	-0.51532912	-0.53315622	-0.54863012	-0.56199187	-0.5743627	-0.5855248	-0.59544045	-0.60312831	-0.61053741
0.984568	0.98749113	0.98781377	0.98751038	0.9867416	0.98551315	0.98305494	0.98059976	0.97724813	0.97277325	0.96864963	0.96248782	0.95537102	0.94527358	0.93450081	0.92292196	0.90853095	0.89209622	0.87151921	0.84734607	0.81808317	0.78289926	0.73159176	0.67077261	0.60172236	0.52695459	0.44778088	0.36627331	0.28341582	0.20255271	0.12338343	0.045641422	-0.03081164	-0.10310175	-0.17229332	-0.23448424	-0.288674	-0.33461699	-0.371739	-0.40206718	-0.42719162	-0.44763601	-0.46553653	-0.48128986	-0.49493319	-0.50677896	-0.51826167	-0.52731526	-0.5356285	-0.54333311
0.98538619	0.98828733	0.98881459	0.9885115	0.98782337	0.98674291	0.98474962	0.98265511	0.97924781	0.97555232	0.97141254	0.9660973	0.9593609	0.95039022	0.94062752	0.93021899	0.91682476	0.90214974	0.88376313	0.86238372	0.83657402	0.80618769	0.7704193	0.71606773	0.65173149	0.58152336	0.50610697	0.42767206	0.34863254	0.27042413	0.19380477	0.11722584	0.042719804	-0.028828753	-0.096604943	-0.15903898	-0.21275522	-0.25837979	-0.29537812	-0.32574567	-0.35044578	-0.37151963	-0.38904151	-0.40498984	-0.41863444	-0.43083659	-0.44183934	-0.45155713	-0.459418	-0.46693802
0.98594785	0.98964787	0.9896009	0.98937267	0.9891454	0.98775345	0.98612428	0.98424488	0.98150098	0.97801256	0.97440565	0.97005719	0.96386623	0.95559895	0.94662428	0.93761307	0.92601568	0.91277909	0.89664471	0.87773269	0.85450119	0.82832724	0.79920858	0.76223332	0.70548022	0.64066011	0.57012337	0.49593973	0.42067686	0.34595591	0.27110887	0.1969268	0.12382398	0.05331523	-0.012962479	-0.074791327	-0.12847798	-0.1739707	-0.21095873	-0.24070069	-0.26616588	-0.28645289	-0.30466577	-0.32039556	-0.33420432	-0.34635592	-0.35728365	-0.36692342	-0.37509522	-0.38313767
0.98731178	0.99020368	0.99050862	0.99054503	0.98994505	0.98905528	0.98773474	0.98614281	0.9839052	0.98076898	0.97776604	0.97372699	0.96827161	0.96122372	0.95329481	0.94533807	0.93541998	0.92412752	0.90971196	0.89341152	0.87334192	0.85054791	0.82553166	0.79603457	0.75864917	0.70195687	0.63736039	0.56836522	0.49725136	0.42630863	0.3548038	0.28334343	0.21295252	0.14376363	0.077849716	0.017471666	-0.035877746	-0.080785625	-0.11784157	-0.14839929	-0.17379497	-0.1945816	-0.21235482	-0.2280276	-0.24172391	-0.25393713	-0.26511666	-0.27462479	-0.28304484	-0.29091042
0.98818874	0.99091297	0.99112457	0.99138767	0.99097198	0.99084151	0.98917419	0.98774558	0.9857499	0.98390323	0.98072857	0.97752488	0.97303349	0.96657211	0.9597311	0.95292628	0.94455338	0.93497646	0.92247307	0.90864271	0.89147443	0.8717649	0.85085064	0.82631099	0.79632097	0.7606383	0.70479196	0.64255118	0.57689333	0.51082081	0.44338915	0.37445688	0.30667117	0.23946539	0.1750315	0.11517386	0.062080972	0.017579967	-0.019801714	-0.050085053	-0.075121559	-0.09624584	-0.1153037	-0.13048787	-0.14388916	-0.15673158	-0.1678531	-0.17729278	-0.18587184	-0.19387527
0.98909837	0.99187809	0.99222344	0.99230742	0.99216264	0.99189764	0.99074006	0.98985893	0.98795974	0.98568392	0.98379213	0.98109138	0.97663212	0.97162509	0.96562934	0.9597438	0.95277739	0.94500023	0.93423969	0.92252082	0.90800416	0.89180744	0.87452382	0.85461885	0.83014923	0.80233067	0.76794189	0.71425122	0.65554905	0.59526771	0.53293657	0.4688727	0.40337649	0.33807611	0.27526224	0.21649928	0.16386417	0.11937819	0.082187124	0.051520269	0.026478318	0.0049811313	-0.014036934	-0.029811852	-0.043095559	-0.055707492	-0.067191735	-0.076462857	-0.08550293	-0.093133204
0.98988914	0.99282449	0.99335235	0.99311155	0.99350214	0.9925521	0.99214071	0.99107867	0.98970157	0.98807079	0.98680007	0.98429292	0.98122615	0.97619045	0.97113544	0.96693015	0.9609648	0.95435739	0.94624269	0.93583351	0.92364037	0.91043168	0.89618564	0.88019395	0.86056089	0.83835351	0.81203485	0.77925211	0.72949612	0.67594361	0.61994976	0.56101829	0.49991196	0.4377431	0.37611941	0.31852359	0.26723772	0.22303116	0.1856052	0.15470707	0.12894161	0.10749722	0.088493563	0.07274732	0.058942292	0.045953892	0.034865819	0.024807865	0.015432759	0.0080883848
0.99114132	0.99376363	0.99396062	0.99410284	0.99408746	0.99441737	0.99351531	0.99258208	0.9913891	0.99013299	0.9893297	0.98726708	0.98463035	0.98043299	0.97649866	0.97291166	0.96833366	0.9626826	0.9557966	0.94779015	0.93781292	0.92695695	0.91569602	0.90261686	0.88696641	0.86964047	0.8485164	0.824422	0.79422617	0.75002819	0.70149273	0.64892745	0.59220809	0.53396833	0.47603184	0.41944796	0.36971304	0.32520941	0.28846791	0.25721961	0.2308774	0.20874229	0.18924065	0.17353687	0.15950111	0.1464709	0.13494515	0.12490891	0.11588541	0.10827869
0.99209869	0.99407119	0.99493492	0.99531466	0.99526948	0.9949711	0.99428755	0.99432433	0.99276274	0.99234825	0.99132293	0.99009746	0.98777133	0.98426968	0.98081702	0.97813982	0.97501367	0.97024739	0.96495926	0.95805854	0.9499712	0.94114107	0.93271542	0.92230749	0.91028863	0.89636481	0.88011187	0.86079264	0.83919549	0.81300873	0.77414101	0.72830921	0.67905056	0.62615871	0.57149446	0.51782846	0.46905991	0.42572734	0.38907513	0.35707328	0.33144975	0.30893797	0.28884342	0.27257481	0.25807223	0.24496727	0.23336934	0.22330692	0.213846	0.20590541
0.99289554	0.99497902	0.99576408	0.9959507	0.99603605	0.99552178	0.99548817	0.99506801	0.99451184	0.99405175	0.99339628	0.99224842	0.9905777	0.98750031	0.98494327	0.98254412	0.98040682	0.97648579	0.97266471	0.96707958	0.95989329	0.95333046	0.94691479	0.93874037	0.9291864	0.91846424	0.90571612	0.89082831	0.87485564	0.85583746	0.83210504	0.79678679	0.7555387	0.71005988	0.66015202	0.61082292	0.56390798	0.52221936	0.48593122	0.45457715	0.42850295	0.40563443	0.38533089	0.36813802	0.35323709	0.33990684	0.32806072	0.31789348	0.30839062	0.30007511
0.99365282	0.99615049	0.99637467	0.99680072	0.99694097	0.99679697	0.99637055	0.99594098	0.99584705	0.99490201	0.994654	0.99417526	0.99255729	0.9900685	0.98793644	0.98650807	0.98463047	0.98197883	0.97852999	0.97404426	0.96815735	0.96296418	0.9583165	0.95241737	0.94487071	0.9367857	0.92692322	0.9152804	0.90323567	0.88965851	0.87328011	0.85182887	0.82010567	0.7832821	0.74038428	0.69608587	0.65289479	0.61313802	0.57803184	0.54734749	0.52077943	0.49760404	0.47657785	0.45988232	0.44483721	0.4311249	0.41901976	0.40852419	0.39843327	0.39035383
0.99437433	0.99626952	0.99713284	0.99693763	0.99726033	0.99777234	0.99728197	0.99673516	0.99653614	0.99617648	0.99618715	0.99568957	0.994712	0.99221849	0.9905979	0.98964721	0.98823071	0.98595589	0.98386228	0.97996885	0.97537339	0.97102082	0.96749836	0.96348125	0.95750558	0.95104736	0.94375569	0.93496144	0.92547727	0.91577721	0.90436327	0.89008367	0.87127399	0.8435967	0.80980891	0.77239728	0.73418534	0.69783252	0.6644479	0.63458467	0.60826188	0.58532655	0.56440574	0.54700452	0.53156644	0.51791388	0.50521296	0.49453586	0.48404533	0.47562221
0.994784	0.99698001	0.99742669	0.99780399	0.99803305	0.99798024	0.99772304	0.99749255	0.99732578	0.9971692	0.99699533	0.99666846	0.99600112	0.99425346	0.99249887	0.99207503	0.99076754	0.98947936	0.98783785	0.98493069	0.98122722	0.97744209	0.97535324	0.97161674	0.96777153	0.9629063	0.95742494	0.95037597	0.9435721	0.93647301	0.92826641	0.91913682	0.90669501	0.89025497	0.86671102	0.83713734	0.80629444	0.77398908	0.74371666	0.71523279	0.69014686	0.66650897	0.64634776	0.62915331	0.61316168	0.59896123	0.58616209	0.5750646	0.56453282	0.55638111
0.99532878	0.99733067	0.99764913	0.9983353	0.99851918	0.99816471	0.99844718	0.99836504	0.99846882	0.99776143	0.99813128	0.99786037	0.99729639	0.9953084	0.99392354	0.99382836	0.9933179	0.99193597	0.9908244	0.98838776	0.98546666	0.9826569	0.98110044	0.97843331	0.97542751	0.97161007	0.96769011	0.96203953	0.95697033	0.95280647	0.94688666	0.9403066	0.93215245	0.92201883	0.90878481	0.88870269	0.86565101	0.83999527	0.81387758	0.78765422	0.7637679	0.74141711	0.721582	0.70415998	0.68812698	0.67402071	0.66116655	0.6503185	0.63996845	0.63089883
0.9959051	0.99773228	0.9983297	0.99867576	0.99888241	0.99861127	0.99891508	0.99882221	0.9988113	0.99886853	0.99879843	0.99813205	0.99777019	0.99664122	0.99495178	0.99524993	0.99467808	0.99409616	0.99339038	0.99124217	0.98878789	0.98685133	0.98565793	0.98415422	0.98143691	0.97882503	0.9756577	0.97101283	0.9675048	0.96443665	0.96090788	0.95646316	0.9507302	0.94448322	0.93592083	0.92599702	0.91154224	0.89267856	0.87169659	0.84940511	0.82782197	0.80669582	0.78753942	0.77048284	0.75477344	0.7406736	0.72771758	0.71666074	0.70621389	0.69758314
0.99671131	0.99806482	0.99861866	0.99873096	0.99883717	0.99887794	0.99930251	0.99892634	0.99862403	0.99901414	0.99900061	0.99887478	0.99844927	0.99687225	0.99639481	0.99623179	0.99593014	0.99528915	0.99496043	0.99340463	0.99112523	0.98941743	0.9887926	0.98754084	0.98588926	0.98426479	0.98164856	0.97788894	0.9753502	0.97343212	0.9713549	0.96822155	0.96459037	0.96027154	0.95460147	0.94939452	0.94268245	0.93151051	0.91589963	0.89873129	0.88006467	0.8615219	0.84304303	0.82725739	0.8118751	0.79803526	0.78535014	0.77364337	0.76341367	0.75476515
0.99622995	0.99810165	0.99844927	0.9988448	0.99905455	0.99890935	0.99908084	0.99885458	0.99912173	0.99910086	0.99967045	0.99910402	0.9987253	0.99712652	0.9962517	0.99702758	0.99667239	0.99686319	0.99621075	0.99479783	0.99246114	0.99141783	0.99129003	0.99076104	0.9890123	0.9879263	0.98569924	0.98298591	0.98110199	0.98015267	0.97813165	0.97631717	0.97421187	0.9711116	0.96730399	0.96399945	0.96112984	0.95653999	0.94729263	0.93423063	0.91988385	0.9033196	0.88708609	0.87245297	0.85830218	0.8447206	0.83224344	0.82104504	0.81017309	0.80153728
0.99613005	0.99770349	0.99867463	0.99876601	0.99877113	0.99873412	0.99915218	0.99844372	0.9990772	0.99864739	0.99914318	0.99934399	0.9987309	0.99756539	0.99685007	0.99754119	0.99738723	0.99747002	0.99664342	0.99557728	0.99421048	0.99287307	0.99340105	0.99214309	0.99142653	0.99036664	0.98858571	0.98677111	0.98500711	0.9850018	0.98412198	0.98241836	0.9810369	0.97863805	0.9755075	0.9733507	0.97216189	0.96964824	0.9663198	0.95824414	0.94730467	0.93441474	0.92033815	0.90757024	0.89447314	0.8813616	0.86964977	0.85834527	0.84799361	0.83960879
0.99620509	0.99792928	0.99852157	0.9985491	0.99893677	0.99893552	0.99900949	0.99918008	0.99910748	0.99910694	0.99928331	0.99943852	0.99862123	0.99810535	0.99738151	0.99781901	0.99786186	0.99776512	0.99757022	0.99654222	0.99451494	0.99394196	0.99480188	0.99387378	0.9935165	0.99247438	0.9910602	0.98938596	0.98848593	0.98847288	0.98728454	0.98659021	0.98560274	0.98388302	0.98109043	0.97982645	0.97903258	0.97838956	0.97679663	0.97362107	0.96616346	0.95605755	0.94508076	0.93386871	0.92187989	0.90979654	0.89861655	0.88752168	0.8778649	0.86934733
0.99625885	0.99786437	0.99830097	0.99866068	0.99878931	0.99861705	0.99880582	0.99876332	0.99866283	0.99889749	0.99943113	0.99929667	0.99889386	0.99791545	0.99731463	0.99768293	0.99828613	0.99781269	0.99786806	0.99651837	0.99494672	0.99445081	0.99505407	0.99492043	0.99433333	0.9939369	0.99273092	0.99110812	0.99009973	0.99045867	0.99018139	0.98999894	0.98857164	0.98764277	0.98523021	0.98440605	0.98405695	0.98378992	0.98291373	0.98121077	0.97823566	0.97094125	0.96221292	0.95372117	0.94342363	0.93192983	0.92165744	0.91139621	0.90180886	0.89348048
0.99619156	0.99738526	0.99809587	0.9983812	0.99845451	0.99848557	0.99868214	0.99895245	0.99887782	0.99903655	0.99908197	0.99929833	0.99852115	0.99769372	0.99739474	0.99805558	0.99779326	0.99839169	0.99824357	0.99704272	0.99550384	0.99512368	0.99566758	0.99562126	0.99569237	0.99478936	0.99379665	0.99274415	0.99180394	0.99234521	0.99199188	0.99164289	0.99135619	0.98996979	0.98799223	0.98740685	0.98782057	0.98732239	0.98670518	0.98602378	0.98401004	0.98053485	0.97503483	0.96803892	0.95924461	0.94941419	0.93942201	0.92978036	0.92111373	0.91316998
0.99622667	0.99697173	0.99768829	0.99853837	0.9984318	0.99888617	0.99848354	0.99847895	0.99853289	0.99888533	0.99913728	0.99935389	0.99925083	0.99772334	0.99746042	0.99822819	0.99826473	0.99848157	0.99815214	0.99727732	0.99614966	0.99545133	0.99650693	0.99624705	0.99587625	0.99550641	0.99444938	0.99356687	0.99293017	0.99334049	0.99374956	0.993581	0.99289578	0.99158919	0.99037772	0.98953623	0.9900226	0.9900946	0.98964661	0.98883361	0.98750192	0.98527622	0.98281127	0.97811788	0.97163779	0.96330804	0.95465833	0.94540477	0.93650979	0.92973226
0.99617261	0.99785405	0.99824399	0.99818265	0.9987936	0.99819225	0.99843061	0.99835396	0.99845511	0.99875295	0.99940842	0.99919969	0.99859339	0.99757767	0.99683446	0.99819249	0.99852359	0.9987759	0.99842811	0.99752492	0.99594307	0.99584752	0.9963333	0.99649566	0.99622941	0.99619675	0.99547076	0.99402028	0.9940182	0.99445212	0.99514633	0.9946605	0.9941628	0.9936443	0.99194044	0.99148303	0.99170244	0.99214005	0.9919489	0.99192649	0.99069721	0.98839742	0.98693079	0.98602831	0.98103368	0.97434151	0.96694142	0.95876372	0.95042175	0.94328135
0.99643135	0.9969281	0.99801755	0.99833828	0.99851125	0.99880201	0.99837327	0.99842364	0.99834692	0.99887007	0.99909234	0.99859917	0.99841839	0.99745667	0.99721795	0.99776477	0.99860102	0.99888778	0.99821514	0.99731922	0.99620306	0.99617052	0.99662924	0.99727833	0.99716985	0.99684727	0.99562764	0.99461418	0.99485385	0.99556559	0.99559802	0.99545181	0.99574691	0.99455506	0.99330753	0.99263906	0.99380225	0.99384367	0.99376255	0.99333668	0.99232316	0.99037784	0.98964566	0.98955554	0.98796964	0.98334616	0.97717911	0.96991217	0.96239269	0.95574933
0.99652374	0.99725401	0.99805242	0.99812222	0.99850684	0.99853808	0.99786913	0.99840969	0.99819547	0.99905849	0.99901837	0.99891508	0.998981	0.99757022	0.99741656	0.99852943	0.99857372	0.998335	0.99872196	0.99735314	0.99633479	0.99635088	0.99696434	0.99718797	0.99732554	0.99752176	0.99632281	0.99555886	0.99546611	0.9961617	0.99660927	0.99663925	0.99630976	0.99557519	0.99431854	0.99386168	0.99490607	0.99497205	0.99526334	0.99482322	0.99382508	0.9923861	0.99260008	0.99192572	0.99154353	0.99032772	0.98545986	0.97920895	0.97260082	0.96695673
0.99621511	0.99741006	0.99851906	0.99819368	0.99856359	0.99856085	0.99837977	0.99863213	0.9985956	0.99861062	0.99921077	0.99925333	0.99867755	0.99769211	0.99762148	0.99854159	0.99848127	0.99829102	0.99840176	0.99755979	0.99638367	0.99701178	0.99752778	0.99810827	0.99789387	0.99750018	0.99657637	0.99605572	0.99597836	0.99671119	0.9971351	0.99749833	0.99747866	0.99617094	0.99536055	0.99496973	0.99606961	0.99632651	0.99635005	0.99596262	0.99531096	0.99361944	0.99402398	0.99442518	0.99408627	0.99317235	0.99223399	0.98745531	0.98149985	0.97650301
0.99663901	0.99778628	0.99768198	0.99840081	0.99833041	0.9986065	0.99850285	0.99836743	0.99845016	0.99868321	0.99918234	0.9992553	0.99889457	0.99745631	0.997163	0.99795741	0.9990862	0.99891347	0.99866408	0.99779129	0.99664038	0.99680704	0.99758565	0.99816364	0.99789912	0.9978264	0.99692106	0.99636126	0.99623221	0.99721771	0.99762183	0.99765217	0.99806505	0.99688649	0.99594104	0.99583459	0.99681938	0.9970094	0.99749464	0.99717695	0.99653292	0.99523246	0.99535322	0.9959172	0.99633825	0.99589461	0.99565732	0.99328542	0.98931605	0.98525774
0.9968254	0.99770075	0.99808103	0.99848646	0.99830621	0.99828821	0.99865711	0.9987781	0.99833739	0.99896878	0.99918741	0.99905175	0.99859697	0.99758089	0.99748629	0.99811268	0.99913037	0.99875295	0.99893522	0.99767393	0.9966622	0.99673849	0.99775529	0.99825114	0.998335	0.99851936	0.99750233	0.99648124	0.99679673	0.99801749	0.99794209	0.99862647	0.9983353	0.99752766	0.99665713	0.99631286	0.99784631	0.99821734	0.99815917	0.9980033	0.99764013	0.9965837	0.99644458	0.99756533	0.99790835	0.99817407	0.99734885	0.99667931	0.99498469	0.99248147
0.99666643	0.99748176	0.99834764	0.99820966	0.99875104	0.9985007	0.99888468	0.99848115	0.99865842	0.9992314	1	0.9991889	0.99871683	0.99769551	0.99793327	0.99910295	0.99921733	0.99911302	0.99953157	0.9984113	0.99721479	0.99750811	0.99825341	0.99830461	0.99852467	0.99852353	0.99781549	0.99679124	0.99715966	0.99819505	0.99865067	0.99869168	0.99879354	0.99817884	0.99697983	0.99724835	0.99837077	0.99891543	0.99874532	0.99940503	0.99877501	0.99750781	0.99801749	0.99868912	0.99960071	0.99917382	0.9996475	0.99859267	0.99778342	0.99783111
