0
0.2
0.4
0.6
0.8
1.1
1.2
1.4
1.6
1.8
2
2.2
2.4
2.6
2.8
3
3.2
3.4
3.6
3.8
4
4.2
4.4
4.6
4.8
5.4
5.8
6.1
6.2
6.5
6.7
6.9
7.1
7.3
7.6
7.8
8
8.2
8.4
8.6
8.8
9
9.2
9.3
9.5
9.7
9.9
10.1
10.3
10.5
10.7
10.9
11
11.2
11.4
11.6
11.8
12
12.2
12.4
12.6
12.8
13
13.2
13.4
13.6
13.8
14
14.2
14.4
14.6
14.8
15
15.2
15.4
15.6
15.8
16
16.2
16.4
16.6
16.8
17
17.2
17.4
17.6
17.8
18
18.2
18.4
18.6
18.8
19
19.2
19.4
19.6
19.8
20
20.2
20.4
20.6
20.8
21
21.2
21.4
21.6
21.8
22
22.2
22.3
22.5
22.7
22.9
23.1
23.5
23.6
23.8
24
24.1
24.3
24.4
24.6
24.8
25
25.2
25.4
25.6
25.8
26
26.2
26.4
26.6
26.8
27
27.2
27.4
27.6
27.9
28
28.3
28.5
28.7
28.8
29
29.2
29.4
29.6
29.8
30
30.2
30.4
30.6
30.8
31
31.2
31.4
31.6
31.8
32
32.2
32.4
32.6
32.8
33
33.2
33.4
33.6
