9.0665905399191E-5	2.12844874815923E-4	3.64390804882443E-4	5.55338688835174E-4	7.89489558083894E-4	0.00107543186016409	0.00141202309851566	0.00178824817317483	0.00218279709255242	0.00258277075446439	0.00295404914643727	0.00327868977352987	0.0035626162306122	0.00380079359780144	0.00400025139703176	0.00417209811501345	0.00430609265420794	0.0044188461176572	0.00450979937096597	0.00457447567800631	0.00461902687527941	0.00465365592388478	0.00467490397585043	0.00469312480574914	0.00470916258167816	0.00472122431098938	0.00472847734986325	0.00473651819778638	0.00474336786638739
9.56683626870666E-5	2.22722466385444E-4	3.84037670648883E-4	5.84953272189446E-4	8.35640760641018E-4	0.00113655546566283	0.00149517836931335	0.00188941191315163	0.00230939824422803	0.00272774724763326	0.00310794491467504	0.00344351993393446	0.00373735438181319	0.00397864343990239	0.00418076332183511	0.00434967147216304	0.00448271707122869	0.00459501767901722	0.00468384823399831	0.0047461609315602	0.0047906749522966	0.00482325184570855	0.00484745343089771	0.00486726454695927	0.00488181859419961	0.00489450065439512	0.00490262957513661	0.00490891094812032	0.00491648020237503
7.82337217258936E-5	1.80364817271716E-4	3.11531128441945E-4	4.74551305839313E-4	6.76831659144279E-4	9.20628708846783E-4	0.0012109031287433	0.00152973793863278	0.00187408024849009	0.00222184298926022	0.00254310139466683	0.00283774961651049	0.00309865905800995	0.00332014099278472	0.003514049287181	0.00367729141435558	0.00380711399130019	0.00391999605641481	0.00400718235724876	0.00406825029521534	0.00411119922880671	0.00414294140936361	0.00416300406884576	0.00418139347700996	0.00419454949925686	0.00420639289365466	0.00421385823938833	0.00421984506353727	0.00422928001354367
6.59766447039747E-5	1.55180904666149E-4	2.6587173039676E-4	4.06592546025574E-4	5.79383075666475E-4	7.91003451399866E-4	0.00104002731299966	0.0013159233314617	0.00161700026938105	0.00192160251304814	0.0022073415009341	0.00246999374873934	0.0027061997526387	0.00290763865428277	0.00308419745515384	0.0032382150530081	0.00336218591975904	0.00347101817299567	0.0035530745048155	0.00361484147816435	0.00365299827005212	0.00368360345255571	0.00370441463954998	0.00372312769811081	0.00373481115370803	0.00374437342359594	0.00375091787862619	0.00375830303547493	0.00376286131635877
5.19357300229496E-5	1.16875992757018E-4	2.03738896897418E-4	3.0757820578536E-4	4.37801689363289E-4	5.91520434869222E-4	7.76396805834814E-4	9.80913955785695E-4	0.00120275117429674	0.00143756576397879	0.0016559457960784	0.00186588326279663	0.00205873590191012	0.00223044268871874	0.00238458524503969	0.00252150589971854	0.00263449189087755	0.00272782682111235	0.00280167948016756	0.00285272547904624	0.00288831986590249	0.00291442488531211	0.00293172584269425	0.0029455426323876	0.00295565107042001	0.00296492020837315	0.00297430486007272	0.00297434638917445	0.00298097895036005
3.74080718871181E-5	8.8876339517732E-5	1.48068152671999E-4	2.25782385644676E-4	3.1991803664342E-4	4.30851532257984E-4	5.67866487422161E-4	7.18097752397813E-4	8.83613255280708E-4	0.00106123603449634	0.00123717852041477	0.00141257763182295	0.00157522480215614	0.00173080783554577	0.00187325317336833	0.00200265272143179	0.00211284090196384	0.00220672036088145	0.00227887456622811	0.00232965213816268	0.0023621665240321	0.00238400984549725	0.00239946887482938	0.00241505742249745	0.0024247065361708	0.00243310398657111	0.00243902604563601	0.00244750827000468	0.00245279270043896
3.13857753922585E-5	6.62408439332942E-5	1.10801286649884E-4	1.70551001963133E-4	2.41617778557581E-4	3.23081793457613E-4	4.25119620940736E-4	5.38370445312084E-4	6.66390266032366E-4	8.03846466918944E-4	9.49244649398404E-4	0.00109325907124485	0.00123234913425827	0.00136676615502676	0.00149395046740797	0.00161149879638196	0.00170933630909709	0.00179603829396004	0.00186659644022489	0.001913779857213	0.00194623829566948	0.00196738155507937	0.00198657879242809	0.00199748839111389	0.0020073392447281	0.00201652345629345	0.00202197742937495	0.00203229877884048	0.00203571991828024
3.35694606082008E-5	7.71020522227437E-5	1.32659292438152E-4	2.02585493140262E-4	2.83144394559645E-4	3.82361975847401E-4	5.03148271254569E-4	6.36523390115494E-4	7.84782624637477E-4	9.43858502658853E-4	0.00110386109187388	0.00126229791588548	0.00141195196840339	0.00155299041975254	0.00168353176357193	0.00180084641590408	0.00190510665308538	0.00198727363140429	0.00205470240310883	0.00210304904839947	0.002136757513495	0.00215851929252649	0.0021755035195856	0.00218814750106987	0.00220031201943086	0.00220677204484084	0.00221433160539593	0.00222228437038514	0.00222606136358323
3.29850580975696E-5	7.41183314447303E-5	1.26931125489871E-4	1.90299047761609E-4	2.68357097170934E-4	3.63472313101035E-4	4.75856942740269E-4	6.02294050965869E-4	7.44132071510874E-4	8.93277842312687E-4	0.00104758311809316	0.0011999079791135	0.00134571357463997	0.0014832366815135	0.00161289150448102	0.00172877093353586	0.00182703556576322	0.00191870615545714	0.00198810395381118	0.00203677384809934	0.0020705920250625	0.00209585694475172	0.00211289334498621	0.00212573702176356	0.00213585473311191	0.0021445712014665	0.00215145081043955	0.00215746643935313	0.00216413439931061
3.24817645822875E-5	7.84194314780574E-5	1.35866300786696E-4	2.0383958699065E-4	2.90809603380111E-4	3.92701193175828E-4	5.14624992672194E-4	6.51953900641394E-4	8.05906158283935E-4	9.70104507417198E-4	0.00113842400065933	0.00130283196347273	0.00146278610935899	0.00161272044398455	0.00175601652626773	0.00188779399484652	0.00200026830888647	0.00210110529893779	0.00217748347405831	0.00223548145188442	0.00227802316837237	0.00230673244378924	0.00232481248682366	0.00233873938988413	0.00235271298514829	0.00235840790679405	0.00236823136630064	0.00237221767355805	0.00237862156779818
3.1753001518525E-5	7.33701323688563E-5	1.24301829214337E-4	1.879233573219E-4	2.64233807667282E-4	3.55686817766095E-4	4.65912495166853E-4	5.90059657014176E-4	7.2891718413882E-4	8.71414420743963E-4	0.0010197114207489	0.00116070620017443	0.0012984835913947	0.00142809514560388	0.00154844466619532	0.00165967398063607	0.00175368707778075	0.0018365397829744	0.00190360571282061	0.00194642412089485	0.00198147634605839	0.00200324069305834	0.00201793865146168	0.00202896926848425	0.00204243636432463	0.00205093767484941	0.00205990273041044	0.00206379309425824	0.00206841801350503
4.22184989659736E-5	9.15085765594656E-5	1.57260511626568E-4	2.4231708463455E-4	3.3252669895764E-4	4.50388029626588E-4	5.87439901468084E-4	7.42282084062573E-4	9.15406078769649E-4	0.00109310661888079	0.00127406099810038	0.00144403297827812	0.00160761825317569	0.00175782742110718	0.00188991625157807	0.0020132188757584	0.00211773785980792	0.00220775343061051	0.00227622800068043	0.00232731947068258	0.00236608289077761	0.0023878112313107	0.00240322100729324	0.00241887187733631	0.00243069403696007	0.00244082433648464	0.00244578188320696	0.00245096165330973	0.00245784671411204
5.32152805002351E-5	1.25623133988064E-4	2.0802664898179E-4	3.16242054945371E-4	4.52036606835514E-4	6.12507170985433E-4	7.99463282822139E-4	0.00101148968158109	0.0012416073808337	0.00148095984298493	0.00170957681925797	0.0019273597311596	0.00212892355259317	0.00230444210435853	0.00246058773904982	0.00259849306821537	0.00270771945589368	0.00280727865126839	0.00288405532800197	0.00293503113082781	0.00297418256061314	0.00300148756757782	0.00301938511669851	0.00303549119792616	0.00305104353340741	0.00305484755838322	0.00306368506486093	0.00307448114578851	0.00307740110754884
5.30799828898295E-5	1.23416719156545E-4	2.15309273388688E-4	3.24146479779781E-4	4.61219286213215E-4	6.29156831306846E-4	8.25883277231979E-4	0.00104813958877852	0.00128904884309643	0.0015414218148441	0.00177518165662381	0.00199788311403508	0.00219571336733654	0.00236681216529202	0.0025182459671368	0.00265364353709224	0.00276775878898072	0.00285560870267759	0.0029293858013759	0.00298270508948452	0.003019147545375	0.0030474450701716	0.00306309047353309	0.00307925544077713	0.00309327627822474	0.00310040248848318	0.00311006552231472	0.00311560379169871	0.00312201303773879
6.07280647340434E-5	1.33320267796008E-4	2.2445514346369E-4	3.42700490262322E-4	4.85936984505813E-4	6.57847010710634E-4	8.66655864843675E-4	0.00109784781644471	0.00134945059992802	0.00160987550611641	0.00185572767750133	0.00208585944793215	0.00229449532912534	0.002476404579649	0.00263919402044072	0.00277922967181764	0.00289402232154927	0.00299807097281147	0.00308008967059158	0.00313604696767558	0.00317773259120488	0.00320722498203132	0.00322500679574963	0.00324269856781834	0.00325517821697777	0.00326680031703927	0.00327465941425247	0.00327981085305586	0.00328667935951128
6.31802971057792E-5	1.45340551040668E-4	2.47786502424899E-4	3.75487493159514E-4	5.37187206427638E-4	7.28017303400022E-4	9.57939211622273E-4	0.00121369356290405	0.001491335763841	0.00177658073222486	0.00204579131036112	0.00229417686244406	0.00251507754476426	0.00270439404882065	0.00286887330348121	0.00301252185511017	0.00312680755925039	0.00322777819865299	0.00330366870960489	0.00336211355595156	0.00340195030198485	0.00343123686336494	0.00345035100676608	0.00346739546339896	0.00347976987094621	0.00349112639982325	0.00349892937437484	0.0035054930924148	0.00351294988247196
6.55246544884795E-5	1.49173472472087E-4	2.55499795920653E-4	3.90382413581449E-4	5.55617772665011E-4	7.55670891034578E-4	9.95697479564957E-4	0.00125978711040694	0.00154644276454623	0.0018401012901227	0.0021186621738505	0.00237342448035817	0.00259759641306568	0.00279328451909685	0.00296465570528638	0.00311125624455936	0.00323300326373768	0.0033377998160589	0.00342046185005315	0.00348072966948371	0.00352221717261459	0.0035514476493706	0.00357185462294834	0.0035911202363512	0.00360321666897649	0.00361621508972482	0.00362455022452028	0.00363467557036798	0.00363876615388887
7.26675494182564E-5	1.67114926558031E-4	2.86745130420262E-4	4.3916272183492E-4	6.2610754941112E-4	8.53243328375335E-4	0.00112234714365556	0.0014213951839915	0.00174711667026169	0.00208297595404183	0.002395993386705	0.00268542331796134	0.00294020505002867	0.00316154188520185	0.00335399024305886	0.0035206656015354	0.00365910190767438	0.00378023022627198	0.00387607568313681	0.00394376542031983	0.00399417158585543	0.00403118179750109	0.00404942508044526	0.00407013560846968	0.00408682409051174	0.00409776632174987	0.00410588875310602	0.00411456454898704	0.00412409355544997
7.1120412334476E-5	1.65015260314652E-4	2.83838557788668E-4	4.35977277829081E-4	6.20459893378589E-4	8.41938412766943E-4	0.00110976684593084	0.00140686987110634	0.00173015176229478	0.00206261858317032	0.00237508626425971	0.00266287777174771	0.00291909268068868	0.00314294196727291	0.00333732151357744	0.00350758869064082	0.00364221448948815	0.00375863270816734	0.00384991030594304	0.00391615745302922	0.00396178775682887	0.00399468684874775	0.00401875025562646	0.00403843516649811	0.00405370479155879	0.00406543877877814	0.00407528918928013	0.0040809606941668	0.00408953517011214
7.15670396573607E-5	1.69191764810351E-4	2.8642865250714E-4	4.35557087706561E-4	6.20766743186692E-4	8.43207176632186E-4	0.00110883742536846	0.00140230616649305	0.00171891741980815	0.00204553993974054	0.00235081901784501	0.00263062072302358	0.00287914305988549	0.00309514987290146	0.00328595712014241	0.00344743364032729	0.0035788489798315	0.00369230016150802	0.00377981529007164	0.00384547438150108	0.0038910839145059	0.00392318661623274	0.00394663297630439	0.00396408705772805	0.00397948684588224	0.00399030636633061	0.00400058069868155	0.00400771621493073	0.00401546549002611
6.96718699563957E-5	1.65598523125172E-4	2.82592085861484E-4	4.34249159348174E-4	6.19577438067498E-4	8.44972019907083E-4	0.00111436360578922	0.00141282422773223	0.00173329411005817	0.00206226538854217	0.00237186336015173	0.00265082209917978	0.00289819045466711	0.00311171267846138	0.0032973552616832	0.00345726305596542	0.00358749639248061	0.00369864641072237	0.00378800663280619	0.00385249796035096	0.00389691675115419	0.00392950672333479	0.00395204707683518	0.00397183175348552	0.00398878226826771	0.00400171144128341	0.00400994607158495	0.00401712723819579	0.00402531200787378
8.69962448575898E-5	1.99302698576842E-4	3.44483292777899E-4	5.26002766807936E-4	7.51332772950487E-4	0.00102089065535741	0.00134095092355028	0.00169632830440835	0.00207289434935331	0.00245259489473555	0.00279940057853164	0.00311017248054746	0.00337871165060485	0.0036058643034189	0.00379603979591206	0.00396101193208121	0.00409318015267698	0.00420829957299744	0.00429819418157916	0.00436574487583432	0.00441417356740803	0.00444874622827662	0.00447354859274887	0.00449766843930319	0.00451465192617815	0.00452768792812221	0.00453825346439537	0.00454547361584689	0.00455193041803481
8.44992460284742E-5	1.91952047315773E-4	3.30205599770726E-4	5.01862827002693E-4	7.08769776517472E-4	9.56474778314224E-4	0.00125192020674862	0.00157828902203783	0.0019282448285694	0.00228220567048104	0.00261238994569335	0.00291893024010617	0.00318801643205364	0.00342057778780569	0.00362267999443599	0.00379852538322544	0.00393741284836889	0.00405962764755668	0.00415213474390272	0.00421735238043498	0.00426654382337151	0.00429917480562267	0.00432243786249685	0.00434059568986542	0.0043596842649206	0.00437108524422618	0.00438043933930089	0.00438821592511001	0.00439706970131407
5.93251248556084E-5	1.38861902601818E-4	2.40410192470579E-4	3.66821656291547E-4	5.21619753713016E-4	7.07710449486903E-4	9.31324336036857E-4	0.00118117202774913	0.00145364324079434	0.00173598663961691	0.00200397372516164	0.00225648839588054	0.00247945760882937	0.00268906807666117	0.00287103755669121	0.00303184785439464	0.00316212913657393	0.00327853659471797	0.0033673512779462	0.00343397647602188	0.0034785641929117	0.00351003480931884	0.00353163625457892	0.00355062305666087	0.00356714050381075	0.0035796535871963	0.00358919637315855	0.0035979764284942	0.00360502128853595
5.56705405756168E-5	1.30313038237092E-4	2.21093172248988E-4	3.33546985686006E-4	4.7259045900742E-4	6.41932093457432E-4	8.38058878203221E-4	0.00107326218410519	0.00132310956964623	0.00158307106140014	0.00183608351882356	0.00208050908518037	0.00230437307056006	0.00250820390855358	0.002695823873385	0.00286221240914812	0.00299820601981816	0.00311958502415664	0.00321184216595346	0.00327997823010764	0.00332645290417632	0.00335877685398228	0.00338615005443524	0.00340231514502176	0.00342044565643736	0.00343084150429996	0.00344039556568239	0.00344970973382101	0.00345744842764992
5.48541611672179E-5	1.27984078439975E-4	2.16179349377531E-4	3.26620881688047E-4	4.60964864598994E-4	6.25407587440204E-4	8.24692990551407E-4	0.0010444214557181	0.00128336499390248	0.00153723651464426	0.00177429243056628	0.00200433094553955	0.00221121325145517	0.00239492820170308	0.00256216463158368	0.00270595550415738	0.00282273411187339	0.00292112576625588	0.00299794187428497	0.00305266156423265	0.00309144386973592	0.00312051589298686	0.00314043697573099	0.0031576447423575	0.00317126722546398	0.00318178409842353	0.00319127964500718	0.00320124458341714	0.00321075589090118
4.72211526141349E-5	1.09069903486336E-4	1.86849956185086E-4	2.80168151301746E-4	3.96640740532383E-4	5.38838433152069E-4	7.04915034151598E-4	8.91844534753455E-4	0.00109601054797111	0.0013134186689883	0.00152216696870289	0.00171877175215212	0.00190382353838518	0.00207333653530338	0.00222081334138331	0.00234935968317209	0.00245317669286681	0.00254069103994492	0.00260565993500272	0.00265151003548767	0.00268348210067809	0.00270538876476607	0.00272315931834654	0.00273719754524477	0.00274826431448824	0.00275642266728814	0.00276423648882705	0.00277031790549612	0.00277497583714444
4.87051146650574E-5	1.13357724803863E-4	1.95100709112855E-4	2.93765464695232E-4	4.18051636994569E-4	5.67046808992155E-4	7.43252112251056E-4	9.4233101991551E-4	0.00115943723596862	0.00139087880959566	0.00161542041339771	0.00182721371454436	0.00201987213337357	0.00218972276704888	0.00234148215902233	0.0024732126961376	0.00258118172902836	0.00267471314876283	0.00274709923808087	0.00279657174109837	0.00283357781382016	0.00285713544809897	0.00287769010259505	0.00289397103198552	0.0029063657966204	0.00291572288020519	0.00292693025799638	0.00293463544809897	0.00293996058388654
5.13457591657712E-5	1.16719316258674E-4	1.9863106923081E-4	3.02847019539113E-4	4.25527834189729E-4	5.79456656213685E-4	7.60658873664194E-4	9.61367077170303E-4	0.00118526897118504	0.00141829129034633	0.0016451870738033	0.00185266936149565	0.00204687096384304	0.00221486586037015	0.00237145312037569	0.00250461281015574	0.00261823989909852	0.00271419479202611	0.00278579500604876	0.00284227352855683	0.00287476756074814	0.0029024897116334	0.00292148161779765	0.00293543581881786	0.00294743105343577	0.00296201624807691	0.00297431106852792	0.00298166780677268	0.00298848118850832
6.6110969085539E-5	1.54340884363678E-4	2.71063040183055E-4	4.14207643697263E-4	5.887848284707E-4	8.0374073197199E-4	0.00106142127637014	0.00134426569301467	0.00165469391552265	0.0019758491789583	0.00227359444000733	0.00255478557995976	0.00280195425159446	0.0030136379495644	0.00319957090874704	0.00336178785433069	0.0034903971837243	0.00360288707442737	0.00369467799443582	0.00375944092975912	0.00380628268298867	0.00383614192478334	0.00386319792861548	0.00388213450043056	0.00390080199633826	0.00391449391948976	0.00392411983323891	0.00393214494228398	0.00394396494678925
6.20804705301742E-5	1.44665886463412E-4	2.53229488487502E-4	3.84195598406775E-4	5.50711628299472E-4	7.49643486391207E-4	9.85683191137474E-4	0.00125352735053654	0.00154322272751084	0.00183987282634984	0.00212303042247761	0.00238432372481577	0.00261856158631531	0.00282160945956739	0.00300442227985744	0.00316374901295869	0.00329540180862052	0.00341234295535115	0.00350421966111682	0.00357064653834862	0.00361751987151527	0.00364985600853583	0.00367457623940157	0.00369549169156668	0.00371317642511425	0.00372246685559447	0.00373540936208296	0.00374333904079476	0.00375066125455222
5.96716193323188E-5	1.38369543288799E-4	2.38577407194093E-4	3.63293208915121E-4	5.19341463413516E-4	7.04387148343464E-4	9.27779226966354E-4	0.0011760423911358	0.00144853065417063	0.00172846863927701	0.00199578319901609	0.00224530603362081	0.0024688467906097	0.00266811263496901	0.00284640191787948	0.00299834730657899	0.00312543723381046	0.00323584106539292	0.00332169895042566	0.00338679689499799	0.00342967931880521	0.00346259044628438	0.00348709776632603	0.00350508575199421	0.00351970411104886	0.00353484013316179	0.003544364930779	0.00355124330973752	0.00355755531343431
6.77339126969499E-5	1.58359915513825E-4	2.69574618113316E-4	4.12076952345642E-4	5.87153672301752E-4	7.99103644046864E-4	0.00104927303098265	0.00133265327364678	0.00163792299078322	0.00194792041771528	0.00223882987371647	0.00250652713747668	0.00274281677550644	0.00294916916998245	0.00312966242141149	0.0032854958758395	0.00341338425721135	0.0035261348765467	0.00361818549816828	0.00368206705637522	0.00372735080074018	0.00376473895506214	0.00378816873211872	0.00381124281405887	0.00382853914299861	0.00384043029634575	0.00385237186728545	0.00386235563652917	0.00387073519767933
6.27788498424713E-5	1.46785289797475E-4	2.53804228664883E-4	3.88301095111075E-4	5.54190800303213E-4	7.52692652371515E-4	9.9100856751777E-4	0.00125936861179657	0.00154606768909903	0.00183976315847106	0.0021132788719363	0.00236506269500213	0.00258908574431417	0.00278491422416275	0.00295793997896173	0.0031112002419967	0.00323506733760467	0.00334898638573378	0.00343375304013351	0.0035006084308118	0.00354919864506436	0.00358506780123481	0.00360981144898874	0.00363326461991001	0.00365105545409515	0.00366183174893572	0.00367318288523093	0.00368152399281008	0.00368925736370865
9.01065179640192E-5	2.14282161750802E-4	3.69244766281331E-4	5.61329183157287E-4	7.99787062404878E-4	0.00108404095630913	0.0014263855018581	0.00180321788952839	0.00220536507805458	0.00260916546400667	0.00297831158899863	0.00330860114715117	0.00359273312676803	0.00382874446403966	0.00403065144023071	0.00420177994737553	0.0043382059506704	0.00445750918828842	0.00454865168681605	0.0046188055324862	0.00466977028548352	0.00470458552313173	0.00473178054870113	0.00475522695195712	0.00477154174889643	0.00478720927292988	0.00479812716355667	0.00480671522894397	0.00481388042190066
1.02214666875744E-4	2.37158385036061E-4	4.07969167139394E-4	6.22015495919673E-4	8.86536577897434E-4	0.00120458710832395	0.00158361819154609	0.00200315287884258	0.00244834568249075	0.00289141217154162	0.00329276677144102	0.00364562184461288	0.00393902236126567	0.00418212475831692	0.00438264030567235	0.00455116317444847	0.00468734805541885	0.00480359458105639	0.00489533632345175	0.00496148819232013	0.00501116663816421	0.00504828181446364	0.00507781138981589	0.0050997514157403	0.00511984943921083	0.00513360440257472	0.00514152217287802	0.00515580865869133	0.00516360708879963
1.11138153907635E-4	2.61997411880358E-4	4.50055597651594E-4	6.89397851430388E-4	9.82396114347683E-4	0.0013347874341832	0.00175260220168331	0.00221187869309363	0.00269459203877464	0.00317537371935392	0.00360468550559034	0.00397933088890898	0.00428989069632127	0.00454134268787298	0.00475116175734516	0.00492548209686597	0.005064394480401	0.00518670437242787	0.00528388986785223	0.00535509852149688	0.0054060455319237	0.00544559449765799	0.00547260325395547	0.00549741318372639	0.00551244410406514	0.00552606960104481	0.00553570701719182	0.00554425701965069	0.00555391359459047
1.05132564421562E-4	2.47142125263453E-4	4.3006834809208E-4	6.61605403276002E-4	9.45408786805542E-4	0.00128664235347891	0.0016942846018422	0.00214106996872249	0.00261989655594409	0.0030879506242928	0.00350804904440011	0.00387983138146172	0.00418411808647962	0.00443540187785733	0.00464228555702138	0.0048169090105495	0.00495808513042436	0.00508220638017715	0.00518543736176666	0.00525204456956305	0.00530484254503525	0.00534123156831079	0.00537033923325699	0.0053945287910321	0.00541399726203449	0.00542814146869969	0.0054376068865713	0.00544725087540109	0.00545726159501137
1.03371559885508E-4	2.40818614000507E-4	4.14851089617966E-4	6.33258539855875E-4	9.09472853208036E-4	0.001231310004224	0.00162015934437865	0.00205015334243682	0.00250612233365233	0.00295984582935315	0.00336514259727765	0.0037233789547763	0.00402423950822108	0.00426895887320082	0.00447510531047466	0.00464697154715559	0.00478549265988159	0.00490373469578503	0.0049960723990592	0.0050640420279676	0.00511350709622179	0.00514838254869257	0.00517432018134367	0.00519693377818296	0.00521545863120382	0.00522831882935936	0.00523912003099997	0.00524856671766599	0.00525346601741194
1.02488691116167E-4	2.3923920848393E-4	4.12296911702516E-4	6.2814549467561E-4	8.96181258247792E-4	0.00121757898755285	0.00160078320199742	0.00202464638928203	0.002475650001842	0.0029195572906835	0.00332102512021876	0.00367236645212882	0.00396397270799472	0.00420037618886489	0.00439840328409983	0.00456445956589896	0.00469329444736738	0.00480997362693701	0.00490177703904307	0.0049708186859332	0.00502103192756369	0.00505738412974149	0.00508602267113089	0.00511160087254068	0.00513116432267541	0.00514370024065473	0.00515376605717669	0.0051634274275917	0.00517194768310275
9.67001738833068E-5	2.27588068323315E-4	3.94188739371526E-4	6.04415328349582E-4	8.66883608252573E-4	0.00117896654724796	0.00155308469334508	0.00196277144267971	0.00239895258772386	0.00282463238953091	0.00320953102140846	0.00354286110309334	0.00381813088769179	0.00404327896497088	0.0042267301433559	0.0043808499603638	0.00450193097308294	0.0046082520622147	0.00469073418136544	0.00475639283024231	0.00480174306923187	0.00483710166623533	0.00486218289838009	0.00488423164587262	0.00489740213980671	0.00491285716597728	0.00492504048872262	0.00493198498524487	0.00493819146284687
9.59834846473934E-5	2.26975583058678E-4	3.91530784071603E-4	5.98305894439672E-4	8.53791045002862E-4	0.00115852936267049	0.00152860780834364	0.00193342920641384	0.00236259517270276	0.00279084148457821	0.00317307241535974	0.00350594319842108	0.00378657967533307	0.00401231918196196	0.00419750476073792	0.00435716573824302	0.00447782246591898	0.00458744679173168	0.00467041871344358	0.0047336886615272	0.00477983124857728	0.00481778872969424	0.00484120058982187	0.00486515455644572	0.00488094900623611	0.00489574471542946	0.00490448678977431	0.0049116165453595	0.0049181323530373
8.34536732502852E-5	1.96403218577527E-4	3.37647893768651E-4	5.13216828463979E-4	7.32821308645596E-4	9.95856664013417E-4	0.00131042655253471	0.00166043593097157	0.00202938052743148	0.0024083586501425	0.00274897519819012	0.00305209192025398	0.00331196679584089	0.00353089081840945	0.00371781982903927	0.00387518065465803	0.00400118255617375	0.00411248433520968	0.00419762818493542	0.00426194699708922	0.00430838312610476	0.0043431195689455	0.00436673678781545	0.0043880617491063	0.00440684846099299	0.00441748473747215	0.00442727492207423	0.00443649309164716	0.00444424346742002
8.95160270773079E-5	2.0818782391385E-4	3.56378895733515E-4	5.41574548884627E-4	7.70640729348541E-4	0.00104610042909484	0.00137238922469071	0.00173555883975066	0.00212336708278308	0.00250475321773978	0.00284947239379074	0.0031518503020119	0.00340416918947524	0.00361302591240767	0.00378534357403668	0.0039302738723554	0.00404687030156538	0.00414443264726454	0.00422411919771849	0.00428433508701512	0.00432654850429748	0.00435863278043604	0.00438075392458123	0.00440220951547554	0.00441883949927159	0.00443218758568576	0.0044431211406564	0.00445100007190753	0.00445902336203465
7.67337133909532E-5	1.77795162399688E-4	2.99471235181517E-4	4.54975480903046E-4	6.45280555819187E-4	8.72756337192882E-4	0.00114338778107539	0.00144185978931518	0.00175933232128172	0.00207926975403871	0.00237624471584137	0.0026419614458487	0.00287162360390186	0.0030724047826156	0.00324920005950233	0.00339946023090908	0.00352998742612954	0.0036375412474888	0.00372105080709975	0.00378380135191874	0.00382538296298692	0.00385730422172186	0.00387764778239248	0.00389980350798778	0.00391574458387656	0.00392879616628136	0.00393887835652995	0.00394593910023503	0.00395341696586605
6.92903817162025E-5	1.61354565114776E-4	2.75105632688983E-4	4.22560811214237E-4	6.05751269838353E-4	8.22525514006697E-4	0.00108307827111771	0.00137227214657886	0.0016799975653096	0.00198543416643691	0.00226135327699277	0.00251567743289494	0.00272802380440434	0.00290650164555191	0.00305824900399578	0.00318570548370592	0.00328843575843254	0.00337540042504548	0.00344510760046719	0.00349769698244681	0.00353656304853145	0.00356375454492654	0.00358617413141039	0.00360190142200399	0.00361715622738125	0.00362613863629179	0.00363428642793212	0.00364278037324366	0.00364940734314773
5.87147679027699E-5	1.3556508936074E-4	2.31861390580951E-4	3.47738273429086E-4	4.96679510274395E-4	6.72345922041142E-4	8.84474220330076E-4	0.0011131938888579	0.00137036183901296	0.00162336207988677	0.00186125010320832	0.00207467496530145	0.00226149620127332	0.00242670112356856	0.0025706427357769	0.00269925628054681	0.00280950225828105	0.00290677156806699	0.00298429181611985	0.00304046657961214	0.00308148658160615	0.00311349283873989	0.00313430524723406	0.00315090135873322	0.00316396724229809	0.00317294851565234	0.0031823633509533	0.00318853373414881	0.00319367881912194
8.38865798414354E-5	1.89736400141719E-4	3.24311214603184E-4	4.9156562992405E-4	6.97384028762371E-4	9.45560991101464E-4	0.00124634590550272	0.00156996465987706	0.00191782715497233	0.00226202322531674	0.00257388079859688	0.00285148165515767	0.00308474993079496	0.00327564383224895	0.00343581843502635	0.00357219285286566	0.00368191155285364	0.00377622854609567	0.00385262387324094	0.00390788800331431	0.00394924083768874	0.0039815389110237	0.00400436362284318	0.00402401270007051	0.00403951726994497	0.0040513043218408	0.00406263239581709	0.00406890692310053	0.0040775996641853
8.26066088686079E-5	1.9285004502793E-4	3.33868221900477E-4	5.10787592780077E-4	7.28781109735918E-4	9.95194753985576E-4	0.00130997512511819	0.00165569201002315	0.00202467098560355	0.00239239784559937	0.00272578359444535	0.00302216766967589	0.00326766674640095	0.00347018011817955	0.00364199053299031	0.00378508845555222	0.00390076337747663	0.00399956842581397	0.00407742358711274	0.00413549496401802	0.00418086482536578	0.00421065041732822	0.00423776243759724	0.00425388425681767	0.00427167117826132	0.00428238671757373	0.00429212480133077	0.00430157583141495	0.00430628598315962
7.20513208710855E-5	1.71065248931907E-4	2.9554346011186E-4	4.50905260407679E-4	6.42214932405535E-4	8.72707907177191E-4	0.00115225074002329	0.00145845471587459	0.00178639840450974	0.00210848867467886	0.0024006727115793	0.00265860646284941	0.00287873731764996	0.00306388031851301	0.0032195083786449	0.00334784753129292	0.0034517442151741	0.00354176447488976	0.00361003061081115	0.00366564528025718	0.00370316310086382	0.00373443406647642	0.00375504351864702	0.00377380155340236	0.00379144742135219	0.00380444285237005	0.00381264013302935	0.00381803316758451	0.00382189676359345
7.42729033882471E-5	1.71687270215788E-4	2.94011405562171E-4	4.50838795846513E-4	6.40810046945399E-4	8.71543090838797E-4	0.00114323862744356	0.00144336100665142	0.00176319470327948	0.00208841731153688	0.00238050541092144	0.00264833792498864	0.00287642915300959	0.00307070498076003	0.00323097400043364	0.00337433010767993	0.00348640641905049	0.0035833103283472	0.00366055667665972	0.00371743755288639	0.00376048976450921	0.00378962410354244	0.00380922058113605	0.00382961825488038	0.00384395706610641	0.00385622512905568	0.0038640681481232	0.00387018603163014	0.00387767855539465
6.94551249996479E-5	1.64024999465629E-4	2.82335748959475E-4	4.33905075922765E-4	6.207650421959E-4	8.44576028222289E-4	0.00111137770625861	0.00141055380985857	0.00172881619118723	0.0020495344422932	0.00234946387616404	0.00262215048487769	0.0028546254130879	0.00305806867853271	0.00323301454526043	0.00338364631224917	0.00350655530952242	0.00361545216874784	0.00370265539289174	0.00376356671156515	0.00381172689457259	0.00384505742171982	0.00386954893262847	0.00389171977689631	0.0039091283542415	0.00391780296413653	0.00392994779354805	0.00394132332405071	0.00394628911839806
6.20417445387486E-5	1.43252544327476E-4	2.45841904629501E-4	3.74016471759856E-4	5.36498391017513E-4	7.27089916008293E-4	9.59135311996656E-4	0.00121402080467672	0.00149051630211221	0.00177394084574167	0.0020375087500841	0.00227961644792414	0.00249893462887211	0.00269143773339196	0.00286056408337517	0.00301029539388323	0.00313527810202806	0.00324226488300288	0.00333674865449302	0.00340419321292984	0.00345623313326553	0.00349416405902307	0.00351816855868693	0.00354120203337728	0.0035576234989099	0.0035707570812495	0.00358178178749858	0.00359067330453158	0.00359875331579626
4.40835500873528E-5	1.01975995634579E-4	1.7144536733574E-4	2.59388215372019E-4	3.65565452512851E-4	4.95798026137779E-4	6.50340246631126E-4	8.21110603169208E-4	0.00101034412648688	0.00120972401698851	0.0014118769001908	0.00160217807551763	0.00178408900952155	0.00195164931848808	0.00210545511654106	0.00224201472023914	0.00235594261028295	0.00245495014946543	0.00253212978780676	0.00258597936077149	0.00262513399492244	0.00265368253475587	0.00267543588711339	0.00269116987815071	0.00270235603303466	0.00271432659322474	0.00272308343859558	0.00273037141820847	0.00273637138154002
4.86181411859247E-5	9.80668162519136E-5	1.70131038236867E-4	2.55967706808902E-4	3.63167560292524E-4	4.89942313713853E-4	6.39703407514725E-4	8.06590738937674E-4	9.95287098520634E-4	0.0011923351663491	0.00139360451011027	0.00159089254797075	0.0017789623740202	0.00195522371480679	0.00211735453701999	0.00226425877965903	0.00238439131289667	0.00249371379297698	0.00256999402342561	0.00262782159667935	0.00266801245134616	0.00269685652561279	0.00271668042275161	0.00273211173930662	0.00275078220843048	0.00275652604865375	0.00276615032984918	0.00277214078221685	0.00277651038045853
4.83566561927397E-5	1.11682058681978E-4	1.88964342745053E-4	2.83203078520608E-4	4.00975268362984E-4	5.41533479256702E-4	7.12538424376689E-4	8.99303834757343E-4	0.00110567334329284	0.00132346030446589	0.00153787340256848	0.00174291055351157	0.00193749350139434	0.00211541207811569	0.00228141108648168	0.00242918911856184	0.00255183805611298	0.00265924005966248	0.00274369098638216	0.0028075256223861	0.00285096054781868	0.00288304430708808	0.00290356352374641	0.00292299890739071	0.00293798919359615	0.00294863997652	0.00295718015000291	0.00296581609721139	0.00297135793754419
4.16780571678549E-5	9.96921631865939E-5	1.70941619390625E-4	2.59066528108158E-4	3.67372897327206E-4	4.95065482538449E-4	6.5075194504364E-4	8.22058918915227E-4	0.00101200420707453	0.00121056258158007	0.00141176542958364	0.00161096723642338	0.00179729955514129	0.00197299239282256	0.00213360015088285	0.00227686160164197	0.00239625850444816	0.00250240846690008	0.00258243031594654	0.00263954932438203	0.00267977130720377	0.0027102530523544	0.00272891707791493	0.00274588458518672	0.00276123834473369	0.00277227147601831	0.00278077408883553	0.00278862572919748	0.00279593140254885
4.81096599712438E-5	1.10862214103852E-4	1.88547378405612E-4	2.86075165858302E-4	4.04508870016652E-4	5.45607545747685E-4	7.14251115120215E-4	9.01540851903856E-4	0.00110884308282451	0.00132641904389801	0.00154044534403962	0.00174890018923119	0.00194544857474848	0.00212614052239696	0.00229122461335055	0.00244026758051441	0.00256089008066719	0.00266993163015565	0.00275387350262502	0.00281341410835054	0.00285709786157466	0.00288604361187498	0.0029102838539911	0.00292807519508207	0.00294189069622207	0.00295336922911019	0.00296266650223539	0.00297066390078556	0.00297725467377487
3.56455717117989E-5	8.42101527223945E-5	1.43734624288576E-4	2.15896816473453E-4	3.08424112459484E-4	4.18990609838325E-4	5.51551834513044E-4	7.02715914031097E-4	8.72311018253781E-4	0.00105354036554396	0.00123967809735918	0.00142451338452682	0.00160389427276717	0.00177700696627224	0.00193985676115528	0.00209136770928891	0.00221669226594662	0.00233122645440475	0.00241627350097175	0.00248044261684195	0.00252478339928538	0.00255835048448837	0.00257984397089379	0.00259846429284752	0.00261362626401467	0.0026269249809872	0.002637272882583	0.00264459599380122	0.00265068359991264
4.61280542114696E-5	1.07653703503139E-4	1.82019306028721E-4	2.76245179301495E-4	3.93582111881629E-4	5.33461756179131E-4	7.07403114058154E-4	8.96901869388188E-4	0.00110646533997326	0.00132615384590485	0.0015453629346921	0.00175176127561447	0.00194701362343078	0.00212617008614542	0.00228772703585039	0.00243619577252841	0.00256193922322213	0.00267319928614126	0.00276310028188486	0.00282810081048454	0.00287531939245982	0.00291025767463644	0.0029295430143346	0.00295500041352947	0.0029715899898925	0.00298504854294842	0.00299516491523184	0.00300493562759917	0.00301243214901559
4.56619244198066E-5	1.08328868190467E-4	1.84483184184861E-4	2.82099888062215E-4	4.01431622107601E-4	5.45358591879195E-4	7.20703194230042E-4	9.15816364398599E-4	0.00113202520016055	0.0013543644884215	0.00157402758349069	0.00178140529200677	0.00197780833711391	0.0021551077655606	0.0023226534748629	0.0024699014523649	0.00259552381792137	0.00270744966636738	0.00279246700352824	0.00286002002172515	0.00290617760210759	0.00293683023269937	0.0029636925437484	0.00298276314087089	0.00299779649715004	0.00301254479491586	0.00302230356413509	0.00303015048656554	0.00303847213084532
4.43463829564008E-5	1.05615560129724E-4	1.80378138063959E-4	2.73672329867731E-4	3.92140245416036E-4	5.33892356174243E-4	7.03281524041488E-4	8.9500620540393E-4	0.00110432075185517	0.00132185339678708	0.00153144358975358	0.00173259423562779	0.00191624328321324	0.00208825128735823	0.00224466819382356	0.00239572763132501	0.00251890321024958	0.00262950852607148	0.00271953604758205	0.00278331466845473	0.00282905280277812	0.00286541648639801	0.00288990509652673	0.00290797764843269	0.0029262531689324	0.00293718853966848	0.00294924220786154	0.00295735183731277	0.00296364922956264
6.34985239808466E-5	1.49139110885172E-4	2.54464996895829E-4	3.89491422801355E-4	5.56395589339621E-4	7.56121409486755E-4	9.93724219963109E-4	0.0012615076870447	0.00154748838612962	0.00184186529912838	0.00211337233739602	0.00236671659925514	0.00259283070178051	0.00278578219745681	0.00295968459785292	0.00311367731807701	0.00324316903505229	0.00335526187391428	0.00344260615542633	0.00350789066438206	0.00355428384459471	0.00359304321894397	0.00361821469964338	0.00363876389915412	0.00365534145489835	0.0036690955289289	0.00368033313546789	0.00369295042300545	0.00369865621502609
1.27512103311778E-4	2.94763176998563E-4	5.15217219519562E-4	7.89078632687752E-4	0.00112912063271162	0.00153771419450051	0.00202464228285771	0.00255747921716348	0.00312482947703065	0.00367777048743202	0.00417307911487656	0.00459986557490087	0.00494461792275092	0.00521712666197218	0.00543964573799596	0.00562291478074822	0.00576259547054692	0.00589039730502629	0.00598706860428558	0.00606081875943013	0.00611683548544915	0.00616265669244434	0.00619222121395505	0.00622293429157829	0.00624168338076942	0.006256964325388	0.00626977268828866	0.00627977285641271	0.0062881581889934
1.38940120483778E-4	3.25704602634907E-4	5.6446497754307E-4	8.62020189243274E-4	0.00122877142677875	0.00167623315870751	0.0021968072904835	0.0027753783512673	0.00338818832931473	0.00398544045554011	0.00452022702355372	0.00497832124609528	0.00535232335196235	0.00565078139418399	0.00589094805162527	0.00609173640758216	0.00624631222792981	0.00638353259048261	0.00648922397531372	0.00656710884093242	0.00662689299727155	0.00667298317649449	0.00670367897149701	0.00673287171273001	0.00675576141517509	0.0067729458932107	0.00678439031289962	0.00679367182409054	0.00680409062876433
1.3992609824479E-4	3.32490311359237E-4	5.80210307308416E-4	8.88230400279514E-4	0.00127311541801292	0.00173440148445598	0.00228566822832771	0.002889545048947	0.00353205358007522	0.00415218986085599	0.00470697074308902	0.00518131197772891	0.00556446940672813	0.00586779495737422	0.00610565643488352	0.00630367042417441	0.00645211511431597	0.00658231411086526	0.00668313834525173	0.00675915077576417	0.00681960503972632	0.00686293980948604	0.00689280408462193	0.00692366220498555	0.00694253143916007	0.00695795582339002	0.00696880104306215	0.00697886817842398	0.00698937989919254
1.10641350184996E-4	2.71065731619564E-4	4.86408457643159E-4	7.68890667389152E-4	0.00112530117323758	0.00156136631577893	0.00207558710972058	0.00265170950394683	0.00326012855114956	0.00386192458581028	0.00439540250879064	0.00485455617224721	0.00522981135050461	0.00552789176566843	0.00576993278866207	0.00596935048972078	0.00612579900355482	0.00625966086077235	0.00636835469848011	0.00645121331099337	0.00651125324911371	0.00655421012928278	0.00658869561942845	0.00661463170054598	0.0066370910965563	0.00665426853498499	0.00666569331570731	0.00667830900335609	0.00668811808859191
1.18060023649251E-4	2.91046338448233E-4	5.19934511034308E-4	8.14266063157302E-4	0.00118700715066586	0.00164486507626783	0.00218544771882029	0.00279093121725859	0.00343812555992053	0.00406787433037832	0.00463016790513159	0.00511159957585412	0.00550383747446675	0.0058145116403659	0.00606195749686703	0.00626219717944832	0.00641371501486356	0.0065465161058938	0.00665294174380267	0.0067316767759448	0.00679006830434606	0.00683425802776594	0.00686492683127727	0.0068919850237587	0.0069173076207057	0.00693102960591652	0.00694179494644787	0.00695248880793821	0.00696238629078648
1.44445025060874E-4	3.38863414322455E-4	5.85414883434371E-4	8.98222432542969E-4	0.00128272135773077	0.00174733860157064	0.00230242697489852	0.00290593653198163	0.00355046189651212	0.00418460472768714	0.00475790698451539	0.00525582853259438	0.00566394473140614	0.00598761329604501	0.00624212966242193	0.00644903107825494	0.0066039832386095	0.00673522892587582	0.00684004220749542	0.00691695540564538	0.00697807166499699	0.00702268490578499	0.00705502484981766	0.00708097270942208	0.00710369132794607	0.00712129490198306	0.00713071324337806	0.00713868343478159	0.00714718443325088
1.31509067744708E-4	3.08499171015378E-4	5.31825806670323E-4	8.1113793274404E-4	0.00116197175832748	0.00158065988540643	0.00208002983651876	0.00262873879143226	0.00321074318290318	0.00378108070703924	0.00428930115110489	0.00473154523446504	0.00509012198733717	0.00537881292622338	0.00560992337528715	0.00580026510195204	0.0059514656682828	0.0060826377681383	0.00618641935801995	0.00626596903011968	0.00632365963559885	0.00636703252194251	0.00640138529663611	0.00642743728114376	0.00645596512004194	0.0064743867152445	0.00648360030000243	0.0064914463129381	0.00650305713023923
1.13743536550468E-4	2.65103248676179E-4	4.5401919270111E-4	6.95655762948225E-4	9.8965201170591E-4	0.00134893716808029	0.00177784282228855	0.00225036518689694	0.00275481889140947	0.00325086954686963	0.00369879383601828	0.00409227601906575	0.00441369019292708	0.00467566974505955	0.00489186554141288	0.00506918791146929	0.00520850441939988	0.00532882849927863	0.00542351898880709	0.00549512590837742	0.00554992412177639	0.00559135398748257	0.00562025699471098	0.00564425667616505	0.00566633409799367	0.00568300898844706	0.00569639418522083	0.00570556255359744	0.00571472479751821
9.96106867556434E-5	2.36030640221917E-4	4.06963845153062E-4	6.25327755418435E-4	8.90701704536153E-4	0.00121573271411799	0.00160372673281351	0.00202857456971481	0.0024805429215197	0.00293495106244864	0.00334642813323025	0.00371199084820785	0.00401680452535677	0.00427006688430419	0.00447993147066442	0.00465473447858944	0.00479648150962725	0.00491942811606056	0.00501715906183213	0.0050887810828021	0.00514384673302039	0.00518405419223672	0.00521462378008846	0.00523957231853451	0.00525985665384909	0.00527503727939757	0.00528863702362433	0.00530073398633458	0.00530905055897141
9.20496893923387E-5	2.13522633551962E-4	3.70580685798788E-4	5.68685699547744E-4	8.12888709484939E-4	0.00110606030040887	0.00146340528283981	0.00185975459625062	0.00228894536497927	0.00272296706922501	0.00312573511020164	0.00349390741488747	0.00380634182932817	0.00407268969972331	0.00429534619179066	0.00448384301164074	0.00462947634368996	0.00475863605378259	0.00485972650809874	0.00493361936692553	0.0049922376315552	0.00503384455279609	0.00506388643309366	0.00508571916992312	0.00510785352153263	0.00512362302491622	0.0051321926262664	0.00514354605754348	0.00515165613645706
8.9849301643554E-5	2.05890971643831E-4	3.57245636121235E-4	5.45958950478666E-4	7.79104076872814E-4	0.00105814425753525	0.00139255422652081	0.00176650284914828	0.00216271620992578	0.00256424120545433	0.00293133569217956	0.00325502679776904	0.00353213401469271	0.00376429244148791	0.00395824289073589	0.00412698215044261	0.00425887229814292	0.00437541068137138	0.00446815424368076	0.00453252062039105	0.00458583037246716	0.00462052898171505	0.00464740760884271	0.00467117131915663	0.00468946237105206	0.00470395784234506	0.00471360137667275	0.00472375013594148	0.00473299508215396
6.97317975477236E-5	1.58587789423457E-4	2.74402844671598E-4	4.14490641667698E-4	5.9040585545091E-4	8.02308210785663E-4	0.00105614552944979	0.00134082121128219	0.00164433889763643	0.00195479063157988	0.00224630819806636	0.00251618333012965	0.00275226632289123	0.00295935303426107	0.00314018270418006	0.00329755074209802	0.00342666462026988	0.00353691105311889	0.00362553969093	0.00369370621231015	0.00374047778361024	0.00377391021782144	0.00379877785632953	0.00381995356704065	0.00383972593457729	0.00385292188273985	0.00386491138137724	0.00387201116798558	0.00388081535129118
8.97807037631017E-5	2.11125915088461E-4	3.68213605562066E-4	5.62293872496439E-4	8.00971490173717E-4	0.00109158586175607	0.00143607932592146	0.00181996535232902	0.00222735342000076	0.0026410299132295	0.00301214824833978	0.00334655013664278	0.00362775536201374	0.00386080186453652	0.00405871198210794	0.00422531411783622	0.00436126839133893	0.00447824908372383	0.00456686465561951	0.00463653994387838	0.00468553463714324	0.00472127179789977	0.00474807948982167	0.00477193302475983	0.00478857615955625	0.00480465098486139	0.0048151194434276	0.00482320099653741	0.00483419263200092
5.42336281681709E-5	1.25704214439998E-4	2.12487256787532E-4	3.21341134028839E-4	4.58424569340409E-4	6.22026203934432E-4	8.219245896697E-4	0.00104659957198865	0.00129139418916319	0.00154819923261089	0.00179612130208325	0.00202940368218318	0.00224266740605075	0.00243767731087114	0.00260813732312115	0.00275976200196164	0.00288658276811908	0.0030008408156641	0.00308741604460412	0.00315206872054455	0.00319740124268174	0.00323226043178502	0.00325739067218785	0.00327453087918647	0.0032925827783526	0.00330627888398652	0.00331653091509386	0.00332485544630488	0.00333422495162392
5.37619097525422E-5	1.17112564448306E-4	1.96970718117463E-4	2.96252969317085E-4	4.14114142562254E-4	5.65218881519307E-4	7.41071348473336E-4	9.3964616597163E-4	0.00116046585226622	0.00138911661226361	0.00162197060482611	0.00184163554999315	0.00204643871738283	0.0022325151315893	0.00240525704919959	0.00255950082278824	0.00268787031381919	0.00280506312770187	0.00289366974832567	0.00296254606735968	0.00301169901733736	0.00304509356496837	0.00307281957677511	0.00309008263598946	0.00311143204600712	0.0031228937222465	0.00313578055391645	0.00314357866775052	0.00315214843674332
6.72476539247496E-5	1.56674736189331E-4	2.72757603299792E-4	4.19414271432623E-4	5.96425013830509E-4	8.15006381627305E-4	0.00107352332157622	0.00136491457677553	0.00167572729258372	0.00199816650108043	0.00230214045428449	0.00258113040946264	0.00282858297988191	0.00304471681173231	0.00323607158091699	0.00340250287288112	0.00353979427579195	0.00366036005282763	0.00375508943932216	0.00382247480553774	0.0038736113735112	0.00391034647454081	0.00393594540005528	0.00396050477988822	0.00397913467242785	0.00399278211655466	0.00400682389916168	0.00401608783770625	0.0040280226251723
5.19991004910315E-5	1.20728584285226E-4	2.0596893483577E-4	3.1272751820758E-4	4.46043828207409E-4	6.04563149702753E-4	7.99867848874927E-4	0.00102192845296275	0.00126191639479168	0.0015130694013772	0.00176391042292631	0.00200291410147249	0.00222332988123705	0.00241899553311504	0.0025941629523951	0.00275147456443452	0.00288265572726968	0.00299999029076849	0.00309243125776549	0.00315697980832779	0.00320491596397762	0.00324077214817197	0.00326766994602562	0.00328805845165405	0.00330540958914855	0.00331782945674989	0.00332990905495695	0.00333996765633696	0.0033485472014547
5.71421971968161E-5	1.32282289640012E-4	2.25406928285842E-4	3.44708561630648E-4	4.9043229619429E-4	6.70056237720265E-4	8.87175465023726E-4	0.00113396403527755	0.00140981406114214	0.00170340726650699	0.00199033891855699	0.00226631724909262	0.0025136287155243	0.00273028904873137	0.00291677953845499	0.00307477210640148	0.00320602028204923	0.00331909301096209	0.00340877523990211	0.003473832953342	0.00352206439227105	0.00355598279716752	0.00358061239047098	0.00360114682770428	0.00361801216792938	0.00363268691696426	0.00364324519416973	0.00365204899362046	0.00365736236152345
7.39571163076708E-5	1.7357919158998E-4	2.98305083527848E-4	4.53160764893093E-4	6.4349665479143E-4	8.75931168031808E-4	0.00115262674015569	0.00146946505437984	0.00181135772406048	0.00217106971847156	0.00250934937616865	0.00281996237770586	0.00309159369229056	0.00331816479205901	0.00350511631519035	0.00366160420778915	0.003778910448341	0.00389434894367058	0.00397588224885958	0.00403683140931788	0.00408102684248403	0.00411496100897643	0.00413934591070431	0.00415918908631841	0.00417473028399236	0.00418640713634463	0.00419628055643548	0.00420288407391174	0.00421015987668795
7.65016283013018E-5	1.79608346470214E-4	3.11193428511876E-4	4.73987386331976E-4	6.65671847161345E-4	9.12520309587112E-4	0.00120275427430713	0.00152139520028774	0.00186413103104494	0.00221289004372992	0.00253580141586139	0.00282841040475696	0.00308155346299602	0.00329053222028921	0.00346706752060247	0.00361168271203332	0.00372328060827656	0.00382712182576792	0.00390193923926284	0.00396103462743302	0.0040058145649765	0.00403641620994315	0.00406001206163548	0.00408103860917697	0.00409839767276243	0.00411032991948437	0.00411947942535408	0.00412814768782049	0.00413488205891809
8.41019346564313E-5	1.95478246782401E-4	3.35769554548583E-4	5.13189442874975E-4	7.28686941180921E-4	9.86168456050849E-4	0.00129254888852402	0.00162858001143035	0.00199002889328592	0.00235251126952941	0.00268678536571069	0.00298844702953766	0.00324759511113944	0.00346495616320768	0.00364705485653756	0.00380109343352242	0.00392057359917153	0.00402391333487426	0.00410654881079815	0.00416748213552719	0.00420870294173259	0.00424270093325424	0.00426372050212683	0.00428600697009164	0.00430267259809061	0.00431464826469077	0.00432243466249678	0.00432991759492515	0.0043348309451088
8.62987485666501E-5	2.04309574638008E-4	3.52084360390085E-4	5.34502673786409E-4	7.62898106323366E-4	0.00103206689005019	0.00135676741251521	0.00171298761234381	0.00209098626388913	0.00247243692730963	0.0028191551876063	0.00312490647160346	0.00338718202454527	0.00359930818250765	0.00378330736438868	0.00393016692261849	0.00404942209205851	0.00414728748754743	0.00422507029801816	0.0042821432428164	0.00432361766543247	0.00435861079753215	0.00438143100799682	0.00440042771255728	0.00441680602273391	0.00442812032939729	0.00443793019722489	0.00444574933855498	0.00445265244898349
8.69836440568339E-5	2.0121994898497E-4	3.42602794568305E-4	5.18951283420144E-4	7.35880421158283E-4	9.91966902105679E-4	0.00129985052973418	0.0016368513946755	0.00199362387729066	0.00235346223709023	0.00268451217490625	0.00298049604604817	0.00323461533663404	0.00344267642378948	0.00361644073807744	0.00375933306701529	0.00387218059884251	0.00396775633421474	0.00404849082580084	0.00410424174423257	0.00414422968346361	0.0041745755203828	0.00420166265536639	0.00422024440804936	0.00423466684181686	0.00424580823085001	0.00425384036615359	0.00426035291153346	0.00427166379346295
8.09390999410566E-5	1.94628923498037E-4	3.23182642736502E-4	4.87523664922428E-4	6.85808725515093E-4	9.22815249714921E-4	0.0012121883035896	0.00152206400926243	0.00185331560482627	0.0021943067346541	0.00250449512911716	0.00278246814405294	0.0030274579556121	0.0032304393415869	0.00340018740219572	0.00354238908582116	0.00365406570206623	0.00375089990757361	0.00382660499239991	0.00388455381780246	0.00392477629655311	0.00395525590672197	0.00397765399429325	0.00399580992598454	0.00401117642882341	0.00402215317939575	0.00403086731818569	0.00403374126604317	0.00404222536794816
6.57364066655595E-5	1.57836709306011E-4	2.71628420875697E-4	4.17816340801155E-4	5.95213370647922E-4	8.02281408805837E-4	0.00105598742675464	0.00133460180051659	0.00163300736226265	0.00193365615860773	0.00220715645209637	0.00245280596504279	0.00266112643209159	0.00283518879593942	0.00298180172823644	0.00310459362821994	0.00320014560947796	0.0032830537920067	0.00335297301274926	0.00339596227801606	0.0034328987970099	0.00346018450963801	0.00347644947832111	0.00349437762084282	0.00351010525289655	0.00352148727418584	0.00352904661454088	0.0035331965809559	0.00353977638693695
7.31254363876035E-5	1.7193826050983E-4	2.92938893638042E-4	4.46328694176987E-4	6.31052158863879E-4	8.54725467334209E-4	0.00111943996371365	0.00141381785998995	0.00172937010151824	0.00204382061419867	0.00233310272463244	0.00259537017435076	0.00282145036447123	0.00300919154677041	0.00317344838365798	0.00332183238285549	0.0034555410521294	0.00356389401462689	0.00363947068512225	0.00369352953826635	0.00373463788728924	0.00376187469111372	0.00378090233205735	0.00379780832213988	0.00381171049803113	0.00382379903047842	0.00383470554137627	0.00383910719968613	0.00384324631705369
7.80932369466587E-5	1.67761586107657E-4	2.84473195485654E-4	4.33722256094548E-4	6.11040865665224E-4	8.22988886196171E-4	0.00107688968321246	0.00135625885793801	0.00165590604858252	0.00195985290184904	0.00223689657685305	0.00248907673381532	0.00271190043808082	0.00289911674664262	0.00305655142108339	0.00318867971137385	0.00328822369742404	0.0033763133446939	0.00344628961593118	0.00349664373170293	0.00353415809986975	0.00356294584993352	0.00358358548573541	0.00360041877488756	0.00361559999602672	0.00362631350328941	0.00363019421090527	0.00363878531364656	0.00364625819992066
7.51444314902563E-5	1.74866261220511E-4	3.02695822014073E-4	4.60121648557058E-4	6.52029934505043E-4	8.83723509069379E-4	0.00116024956199042	0.00146365254635937	0.0017903000950678	0.00212327036237824	0.00242767867996693	0.00270059186046285	0.00293476683977749	0.00312946984163966	0.00329402629897706	0.0034345529773899	0.00354098965498119	0.00363515414683143	0.0037064814640193	0.00376153167427858	0.0038041265522747	0.00383432937967239	0.00385673876342025	0.00387495692484777	0.00389230202565089	0.00390407131385204	0.00391333276537791	0.00391892144257478	0.00392800419559951
5.94632719708456E-5	1.337291643283E-4	2.28038523267908E-4	3.46800913949445E-4	4.91746827040326E-4	6.64388820565225E-4	8.71051678148069E-4	0.00109884243880909	0.00134479285021876	0.0016017030439815	0.00184377296717571	0.00206880406067779	0.00226939142481756	0.00244877079463077	0.00260221736914352	0.00273479797811761	0.00284899362751455	0.00294160940241013	0.00301719808633125	0.00307266422864706	0.00311192743401777	0.00314226181848114	0.00316375712175317	0.00318181032123026	0.00319375879648091	0.00320561338613541	0.00321363252843976	0.00322013745061102	0.00322336681942519
5.49723889800218E-5	1.23762650030837E-4	2.12931703944483E-4	3.2983952278242E-4	4.57897576929597E-4	6.21395842800292E-4	8.15484329287671E-4	0.00103026483637892	0.00126283710927178	0.00150484149412902	0.00173085641919933	0.00194024664479821	0.00212890699453766	0.0022960538787226	0.00244550249020149	0.00257494736772862	0.00267605674463103	0.00276557400237734	0.0028324555202537	0.00288330826748978	0.00291822923670512	0.00294657527271464	0.00296719030776531	0.00298157781245681	0.00299544173476321	0.00300689525158361	0.00301276527106519	0.00302032243841638	0.00302516810191815
4.65892831276352E-5	1.06158766878513E-4	1.82456507283924E-4	2.76705491546634E-4	3.87979835835186E-4	5.27555194264135E-4	6.90196298459003E-4	8.76054934136928E-4	0.00107538020548684	0.00128897135992789	0.00149093367561983	0.00168072184146027	0.00185331430627417	0.00200414333971901	0.00213722979070878	0.00225200838496384	0.00234600247876088	0.00242589516105895	0.0024908398917012	0.00253866724727397	0.00257113475271534	0.00259860917649712	0.0026157901111598	0.00263173487735771	0.00264548572131927	0.00265273320254919	0.00266252789596441	0.00267001165308584	0.00267472153684163
4.80054480087786E-5	1.15827770537743E-4	1.94916292424881E-4	2.9645872579735E-4	4.19844237211284E-4	5.69491654966705E-4	7.49472674930643E-4	9.53164612273676E-4	0.00117694715811466	0.00141367008620121	0.00164580714161413	0.00186441695574476	0.00206286136931974	0.00223714513843433	0.00238917427749723	0.00252225424940995	0.00263181495056159	0.00272629423488265	0.00280337923095965	0.00285710145411916	0.00289758780631478	0.00292648996009525	0.0029476599263949	0.00296832520811071	0.00297135204580277	0.00299268689645552	0.0030005879647756	0.00300971449653649	0.00301182559430804
3.51176289490329E-5	7.92098000528085E-5	1.34013229181364E-4	1.99613008624432E-4	2.79260275009024E-4	3.76961107476405E-4	4.93938710071021E-4	6.25544121011696E-4	7.75760256532344E-4	9.33924566390852E-4	0.00109669540683935	0.00125327493302283	0.00140357852128028	0.00154676455710123	0.0016765957493839	0.0017913498354446	0.0018861987986247	0.00197058107982856	0.00203608854976256	0.0020838298940399	0.00211798864412963	0.00214111542227557	0.00216218644841579	0.00217776992600742	0.00218779887348169	0.00219792317536106	0.00220527531521905	0.0022113589181962	0.00221863229187325
3.56933614480289E-5	8.28310676629086E-5	1.37363208756462E-4	2.09493057734413E-4	2.9457558395794E-4	4.000014306907E-4	5.25993672633286E-4	6.6826389040514E-4	8.27143320969995E-4	9.97056738569833E-4	0.00116912653691752	0.00133590766421838	0.00149090029531884	0.00163725735293879	0.00177263714321652	0.00189583572112191	0.00199746457395445	0.00208484507955455	0.00215489308476318	0.00220490642122849	0.0022396625677793	0.002268894588786	0.00228919525044915	0.00230540174458989	0.00231858860189417	0.0023289051949321	0.00233794924909747	0.0023427434678433	0.00234962520635759
3.68143987691742E-5	8.14307389032816E-5	1.38681914116507E-4	2.08811857772003E-4	2.95426739950391E-4	3.98892676004847E-4	5.21933806419951E-4	6.61339309821709E-4	8.17732354386791E-4	9.8824861202097E-4	0.00116136358465171	0.00133526837401306	0.00150436250945229	0.00166651214402161	0.00181682190214496	0.00195702872374403	0.00207680303350039	0.00218289286301165	0.00226438618252514	0.00232550095524495	0.00237152029557977	0.00240387498619419	0.00242854554563013	0.00244701113160692	0.00246227102738999	0.0024757150787386	0.00248651387198741	0.0024932369463733	0.0025004625447805
3.59045877599252E-5	8.04936599157274E-5	1.34227106220707E-4	1.99791634213053E-4	2.79704224553918E-4	3.76736441506536E-4	4.93122815808881E-4	6.27973798298779E-4	7.75851970705124E-4	9.36914078137614E-4	0.00110441664825412	0.00127088730906544	0.00143860304929563	0.0015956827946873	0.00174564057982921	0.00188218309817602	0.0019956770247791	0.00209433360663865	0.00217138011175174	0.00222858748147624	0.00226824085041433	0.00229787448067406	0.00232052255661984	0.00233840876095816	0.00235407870511645	0.00236347513919585	0.00237303509083197	0.00237979419946214	0.00238779729899929
4.10053508349334E-5	9.35032818283511E-5	1.61113115790478E-4	2.42517660183894E-4	3.43222182551247E-4	4.66926095089951E-4	6.12970145190028E-4	7.8228980835664E-4	9.6677564699212E-4	0.00116519795164181	0.00137082548371852	0.00157464529528262	0.00176921024807056	0.00195809787792369	0.00213211927436242	0.00229055130766003	0.00242393381947856	0.00254053239884887	0.0026308242854153	0.00269716192437376	0.00274759004245017	0.00278313839859402	0.00281091429185214	0.00283350870444339	0.00285037368181585	0.00286508380385006	0.00287645936356651	0.00288404487929202	0.00289286581744399
3.39498971022356E-5	7.70191836897959E-5	1.36553600755852E-4	2.08938207018513E-4	2.988881782698E-4	4.0481261007407E-4	5.314667328249E-4	6.77131742288015E-4	8.42682871213174E-4	0.00101703073580682	0.00119703696997703	0.00137459622893331	0.00154688387637207	0.00171093959589946	0.00186333880553197	0.00200444736645347	0.00212223677948792	0.00222942968497969	0.00231335011017659	0.00237785060420699	0.00242311562135971	0.00245820411451404	0.00248194422185844	0.00250419293130634	0.00252174688688491	0.00253509576214966	0.00254690944964906	0.00255905727181273	0.0025665453449973
3.60191264774831E-5	8.51272086988329E-5	1.42784882342657E-4	2.17296864776889E-4	3.07861294037209E-4	4.16355384335592E-4	5.52394171855074E-4	7.05301278742834E-4	8.76922462234085E-4	0.00105719746469175	0.00124726574672534	0.00143644668768062	0.00161875024133971	0.00179157198533526	0.00195493287414068	0.00210451569047988	0.0022316690530962	0.0023463198608466	0.0024342518479069	0.00250187542002385	0.00254855479136222	0.00258409384601793	0.00261259399851488	0.0026318948529275	0.00265106091342398	0.00266792740445195	0.00267972209624527	0.00268901873476841	0.00269912438257135
2.65875646286708E-5	6.16848341023046E-5	1.05088555922755E-4	1.5923511667639E-4	2.24991379537249E-4	3.06168687872295E-4	4.06725565517684E-4	5.23031955210375E-4	6.53713045770372E-4	7.9635819324425E-4	9.44770007846805E-4	0.00109915349478075	0.00124580742370607	0.00138927152527158	0.00152778162103052	0.00165623636731445	0.00176776671871678	0.00186877556110354	0.00194741534204117	0.00200743677177204	0.00205110877172922	0.00208278889543996	0.0021078104798042	0.00212280054270736	0.00214462068924681	0.00215934868264277	0.00217263886464757	0.00218453177736401	0.00219363328441745
3.95782632898204E-5	8.54237498270891E-5	1.40807894520924E-4	2.13209194577871E-4	2.99089878673629E-4	4.06426256761755E-4	5.331248093819E-4	6.77172355226209E-4	8.39251866613083E-4	0.00101508582506283	0.00119382806455842	0.00137496084177678	0.00155378354850079	0.00172004475232207	0.00188107775147636	0.00203046805731369	0.00215680937689755	0.00227069327806866	0.00236150015541072	0.00242941986615033	0.00248020776123632	0.0025187082780068	0.00254727567142929	0.00256846445837571	0.00258724644847917	0.00260149679633948	0.00261019062270995	0.00262302854011341	0.0026343567696842
4.18542689334298E-5	1.0041534538303E-4	1.73469847308272E-4	2.65185450131276E-4	3.75215802409536E-4	5.11474616546848E-4	6.76415852277928E-4	8.61954391945869E-4	0.00106814008616683	0.00128648893554817	0.00150528138391741	0.00171642482993165	0.00191551704453648	0.00210124834940054	0.00227308278979092	0.00242962691807049	0.0025617194425708	0.00268383873518188	0.00277975388941879	0.00285311159921286	0.00290735937273618	0.00294805967705007	0.00297706597398781	0.00300228778673194	0.00302154370245803	0.00303602623174118	0.00304937492572874	0.00306238059315703	0.00307225449833045
6.10299579043633E-5	1.31896376582036E-4	2.33550735792767E-4	3.51401868507216E-4	5.06307153410632E-4	6.88540940439836E-4	9.10877024509454E-4	0.00116224032794018	0.00143250098087385	0.00172278322031823	0.00200101915954815	0.00226533635464856	0.00250827003642306	0.00271955891115592	0.00291454741451031	0.00308555009569719	0.00323084775296586	0.00335675358191395	0.00345365755927146	0.00352696342994372	0.00358142520389916	0.0036224096051123	0.00365380238028831	0.00367518806170809	0.00369617858426743	0.00371416835688955	0.00372658473419151	0.00373715567944234	0.00374888549278548
8.59580017774533E-5	1.99448917860507E-4	3.42694528652261E-4	5.24035160185601E-4	7.45910533839894E-4	0.00102168217524231	0.00136118612772953	0.00174759862210063	0.00217355541865091	0.00262353696198081	0.00304822298428229	0.00344293958303524	0.00378836969841544	0.00406986045173431	0.00430720199739943	0.00450710197765305	0.00467160243756117	0.00481632720944953	0.00493179741898234	0.00501787546165965	0.0050833372923455	0.00513026726603765	0.0051633723159653	0.00519443188299789	0.00521458686630185	0.00523218430795951	0.00524576223198122	0.00525505656690111	0.0052679722290478
9.46304403033889E-5	2.24855518955431E-4	3.90202231367571E-4	6.00673273291903E-4	8.58785160413405E-4	0.00116567161933383	0.00153904087406947	0.00194949163050598	0.00239429285457461	0.00283788780860549	0.00324934628246842	0.00362488201209156	0.00395205441278355	0.00422367019693073	0.00446164248601699	0.00466658464769087	0.00483435972001413	0.00498239818447055	0.00510071558871532	0.00519234304746725	0.00525625923938482	0.0053024606263372	0.00534246352544141	0.00537338805143039	0.00539667552526801	0.00541418941464375	0.00542934139449759	0.00544030433812346	0.00544990646480372
1.16345311896187E-4	2.81505159518072E-4	4.86417605989859E-4	7.50084273194719E-4	0.00107091273060178	0.00146003910611578	0.00192458982904246	0.00243401867088281	0.00298124825227411	0.00351820912454612	0.00400595763781078	0.00442927986232271	0.00477865869664081	0.00506276559143904	0.00529328654101601	0.00548283803408945	0.0056314736905519	0.00576408332352363	0.00587263130983498	0.00595397952383607	0.00601420257828387	0.00605993318054001	0.00609558432462044	0.00612231455353586	0.00614526773426047	0.00616555896905761	0.00617930946780837	0.00619235542667586	0.00620148945321689
1.31198756227376E-4	3.10200221352241E-4	5.36791972934934E-4	8.27311632604364E-4	0.00118904447194305	0.00161361275732318	0.00212516983664047	0.00268175878885205	0.00327897176010506	0.003858954773814	0.0043774202133364	0.0048227138589902	0.00517776221256227	0.00546855414861032	0.00570139774698205	0.00589299511050304	0.00604044594454086	0.00616911805475471	0.00626859052414895	0.0063526610368888	0.00640742209628353	0.00645682509926066	0.00649410331702294	0.00652357547935377	0.00654437279659992	0.00656289476256131	0.00657127848445207	0.00658371056745392	0.00659263190320956
1.31206739746912E-4	3.14205863827948E-4	5.51349995195229E-4	8.45107349234908E-4	0.00121626897410132	0.00164929968273458	0.00217731991505439	0.00275380628580429	0.00335574206696532	0.00394530155119179	0.00446917281990677	0.00491373707021766	0.00527593561610161	0.00556225263889137	0.00578566982351977	0.00596805871059516	0.00610441408708063	0.00622677057779379	0.00632440945088037	0.00639392700070585	0.00645039660767609	0.00649324128777942	0.00652522676329064	0.00655840411352683	0.00658153201257638	0.0065940933021982	0.00661061601651933	0.00662075044634877	0.00662544347827131
1.32655452613532E-4	3.15147321818842E-4	5.55924703877512E-4	8.45649073204933E-4	0.00120805969411783	0.0016528617263919	0.00217814535335558	0.00275147251108577	0.00336263862164678	0.00395050284378428	0.0044715034153422	0.00492501003406534	0.00527893386642303	0.00555904855264857	0.00577942666385151	0.0059569775505675	0.00609648345630134	0.00622381918293548	0.00631850848320121	0.00639695551896855	0.00645619068028162	0.00650684587256017	0.00653992996237429	0.0065731184817772	0.0065951851787785	0.00661293952163649	0.00662580298707779	0.00663670513292838	0.00664843199565751
1.53844020689514E-4	3.48942072608797E-4	6.05466211977699E-4	9.36290719323501E-4	0.00134146812917021	0.00182695591981218	0.00240837464061998	0.00303946653792844	0.00370715895625598	0.00435471789335473	0.00492294302339797	0.00540820246891253	0.00579544956099854	0.00610083933983888	0.00634324191337718	0.00652354085584505	0.006677743527884	0.00680000066332127	0.00690509018773067	0.00697988220331462	0.00704458751207166	0.00708951489554545	0.00712055985206194	0.0071530919407059	0.00718181075886647	0.00719414890604337	0.00721160930627404	0.00722241808499086	0.00723461899044702
1.49929770339791E-4	3.55774039143126E-4	6.18206653152481E-4	9.49530568392685E-4	0.00135737047947749	0.00184951169325419	0.00243247209943261	0.00307461888457732	0.00375084027672961	0.00440612170185968	0.00498049713255807	0.00547344729134798	0.00585995895559988	0.00615884462694919	0.0063951239979468	0.0065802004678703	0.00671982928984062	0.00684311921787177	0.00694327024915716	0.00702006308681973	0.00707009023524801	0.00712390948932655	0.00715517266410255	0.0071775586667891	0.00721254315728481	0.00723134367780939	0.00724145943707121	0.00725441737035683	0.00726334921024723
1.48302157161078E-4	3.48614888173154E-4	6.12256929100795E-4	9.41776985467435E-4	0.00135011903150634	0.00183793368032633	0.00240871771023541	0.00304109344457781	0.00371276804056509	0.00436579355585136	0.00493514199513522	0.00542541342914107	0.00582031897912251	0.00612851491183616	0.00636862931514231	0.00657153899456538	0.00672102398819736	0.00685261319886778	0.00695646348304442	0.00703835762824006	0.00709878976318692	0.00714521999629948	0.00718001236540508	0.00720822906176534	0.00723476045229183	0.00725543918717282	0.0072682131103641	0.00727886701564111	0.00728385384869221
9.84266624977333E-5	2.28311693770836E-4	3.94103486887053E-4	6.04840740435586E-4	8.59306133079055E-4	0.0011736422674866	0.00153639292239143	0.00193952174653873	0.00236728048616514	0.00278672947127441	0.00316672479315574	0.00349956041169028	0.0037789586262201	0.00400688101548574	0.00419358192786965	0.00435191880811872	0.00447970657208317	0.0045927821205317	0.00468010247533069	0.00474845440125355	0.00480321945242565	0.00484350316253469	0.00487521262289334	0.00489957368313038	0.00492105296908375	0.00493766393176184	0.00495264297589661	0.00495847021498282	0.00496865590751692
1.02422963767629E-4	2.37509180709723E-4	4.10886160360247E-4	6.27678394983473E-4	8.91707289293735E-4	0.00121043669246457	0.00158742100887664	0.00199745236841457	0.00243625954657008	0.00287185772808452	0.00325960149368112	0.00359818868645547	0.00388053728805313	0.00411121742632384	0.0043020539682178	0.00445945193312038	0.0045856264828154	0.00469571261512286	0.00478635150003651	0.00485368587954883	0.00490764066453362	0.00494802479938822	0.00498039049596301	0.00500736481158636	0.00502938745345015	0.00504650156500595	0.00505783904976907	0.00506672897486024	0.00508067714469283
8.27944912264637E-5	1.95421964068332E-4	3.38017771115518E-4	5.1762794572008E-4	7.32543490413497E-4	9.94299625919035E-4	0.00130708528671093	0.00164675736265939	0.00200597580366328	0.0023631028231456	0.00268876098751913	0.00297389499885264	0.0032159036726629	0.00341970834875096	0.00358597377418047	0.00373123572032169	0.0038468539982167	0.0039489034315182	0.00403235454876855	0.00409269254681191	0.00414248503860266	0.00417790279555506	0.0042051139598565	0.00422910755269788	0.00424952592677587	0.00426153815937693	0.00427476818182233	0.00428281388572378	0.00429084471259569
8.47208413775583E-5	1.97170364128984E-4	3.38175286608519E-4	5.16777010139895E-4	7.33879872968332E-4	9.97568421799619E-4	0.00130902826238813	0.00165035155368305	0.00201653277506099	0.00238196164531975	0.00271262810454434	0.00300851522942678	0.00325966993058747	0.0034711021572263	0.00364600441160599	0.00379773241723632	0.00391520339773716	0.00402105298648517	0.00410169860604667	0.00416910816135093	0.00421172419527455	0.00424992332866255	0.00427644512050423	0.00430167387630585	0.0043198097237903	0.00433695525775748	0.00434660045055877	0.00435591156739397	0.00436444684315541
8.28560688946624E-5	1.93862542396246E-4	3.38658074240706E-4	5.15467645984857E-4	7.26349465981174E-4	9.90062729310915E-4	0.00131123141502146	0.00165481911971856	0.00201763157527685	0.0023838233781059	0.00271717812246962	0.00301168270891424	0.00326290744563544	0.00346895246857741	0.00365067841896167	0.00379624888237777	0.00391463987679533	0.0040212185192311	0.0041004982018636	0.00416941173128923	0.0042164049937986	0.00425408377159898	0.00427809404695596	0.00430481529789721	0.0043244017312119	0.00434207517468229	0.00435322997558882	0.00436032945965127	0.00437052491928443
9.45694224842903E-5	2.14734752733088E-4	3.72274964208737E-4	5.72783721576322E-4	8.17773791650789E-4	0.00111075842990642	0.00146666793949485	0.00185540542399753	0.00227148720579627	0.00268152254678724	0.00305914112303626	0.00339239367728483	0.00367864114180008	0.00391435467884704	0.0041121787851694	0.00426333947602124	0.00439551243255492	0.0045090465934952	0.0045987632827617	0.004666399990884	0.0047180107981899	0.00475880300573719	0.00478784941339375	0.00481363961534251	0.00483024682848355	0.00484898029419248	0.00485847719980395	0.00486954565767173	0.0048726633429753
6.8722700194054E-5	1.60530711472363E-4	2.84737979703265E-4	4.38271180382851E-4	6.29550717428639E-4	8.57566246025407E-4	0.00112727930209286	0.00141761216561328	0.00172971882963229	0.00203264900821201	0.00231419971648735	0.00256179320831217	0.00278016324347254	0.00295682083975541	0.0031085037551538	0.00323914455807357	0.00333773060695729	0.00342573994281561	0.00350038357137496	0.00355469556165744	0.0035973940932998	0.00362849045413329	0.0036539234450645	0.00367692257735035	0.00369552705829013	0.00370819416581275	0.00371786162833929	0.00372513298787942	0.00373556705822478
6.7327580830734E-5	1.56712410426473E-4	2.71347101598754E-4	4.13528042191352E-4	5.8802327830845E-4	8.0095107997139E-4	0.00104756500150646	0.00132403657073041	0.00162157987087187	0.00192204769285818	0.00219602829071946	0.00244925614746253	0.00266271931714768	0.00285174956001946	0.00300883124366645	0.00314265237265981	0.00325075984932257	0.00334217572582577	0.00341914038010053	0.00347599169542603	0.00351759486339609	0.00355279151075776	0.00357663655784629	0.00359974885911965	0.00361433499278063	0.00362944191043628	0.00363952386956339	0.00364827038272523	0.00365428134719676
7.65165057287588E-5	1.74506043063574E-4	3.08523763552392E-4	4.72884629453702E-4	6.69144700386966E-4	9.10969705304452E-4	0.00119099714273021	0.0015015641674789	0.00183641003142416	0.00216707851911829	0.00247148774713538	0.00273780435098859	0.00297199308556074	0.00316270294013981	0.00332983817482153	0.00347023157903236	0.00357804756066751	0.00368605810105047	0.0037677470005136	0.00383294819427561	0.00388795745676844	0.00392749796167016	0.00395896004638309	0.00398390277392503	0.00400742129359154	0.00402066564623614	0.00403404453193331	0.00404205302471408	0.00404989768155217
6.94285659210549E-5	1.59868801026538E-4	2.80347658748875E-4	4.31748711366759E-4	6.19919960672273E-4	8.36829403166521E-4	0.00110893613869689	0.00139879292934596	0.00171081780576766	0.00203392388074766	0.00231968758101654	0.00257703808130465	0.00279971334911797	0.00299421556107788	0.00315536291333444	0.00330292472855045	0.00341619492018904	0.00351694196657369	0.00360263691615676	0.00366683377096174	0.00370900992199916	0.00375048322742117	0.00377550920236534	0.00380192024532767	0.00382457247652197	0.00383631745277145	0.00385472271841023	0.00386679861381389	0.00387203950180889
7.46936799642641E-5	1.7749880925684E-4	3.05005809580308E-4	4.65029100859183E-4	6.60058216046958E-4	8.96725646611785E-4	0.00116773848166932	0.00147277020149864	0.00179736211709927	0.00211731901887556	0.00240962812251353	0.00266806935633101	0.00288817740283005	0.00307722059503356	0.00323614175088706	0.00337103470335707	0.00347952354156473	0.00357254374840362	0.00365157615401412	0.00371288271033057	0.00375765704514599	0.00379214530897526	0.00381809513204052	0.00383499864474766	0.00385169822263895	0.00386822992022623	0.00387954578009302	0.00388739383806076	0.00389987426729785
7.55963004446705E-5	1.76931590677022E-4	3.05957076247823E-4	4.67495808527747E-4	6.66687541725097E-4	9.02589840744994E-4	0.00118332069819302	0.00149322207538959	0.00182356145395835	0.00215344751622027	0.0024590086587478	0.00273388385050796	0.00297367983967413	0.00318442466876873	0.00337087189258006	0.003540924428295	0.0036815573183587	0.00380040319762503	0.00389335493435508	0.00396312795151121	0.00401490164398003	0.00405346033914144	0.00408240513620891	0.00410461546150389	0.00412464695274253	0.00414247226397771	0.00415246155172809	0.00416195973926403	0.00417066081350732
9.27791825128315E-5	2.16109305565242E-4	3.70962532790177E-4	5.63006557851555E-4	7.99508113038141E-4	0.00108149304911066	0.00141598716252516	0.001783325113728	0.00217575589174637	0.00257242350701512	0.00293090995927496	0.00325630718500622	0.00353149367126183	0.00376444029713841	0.0039617654715537	0.00412765203725736	0.00425797507497628	0.00436948420412028	0.00445581944347863	0.00452005841843907	0.00456910040518883	0.00460516327914087	0.00463358078052265	0.00465263060744206	0.00467577537448398	0.00469151450221151	0.00470207187798594	0.00470908306326931	0.00471960095293272
6.42271613057377E-5	1.53507850974956E-4	2.61306624631284E-4	3.95600688358386E-4	5.64866909463775E-4	7.61619967241853E-4	9.97605160314404E-4	0.00125876583473162	0.00153603514391026	0.0018195926499276	0.0020761896601304	0.00231388645747529	0.00251829271227044	0.00269919940354045	0.00285307805782322	0.00298645717644902	0.00309705964231718	0.00319487431212709	0.00327462827352806	0.00333665443946677	0.00338484874166232	0.00341764177300883	0.00344414878023911	0.0034688661738348	0.00348763856956449	0.00350263435589365	0.00351241336372106	0.00352367226438387	0.00353123238934442
6.89199576828319E-5	1.60622809919387E-4	2.75137317170942E-4	4.19824731051366E-4	6.0032302452604E-4	8.16372659694997E-4	0.00107165894793124	0.00135381538997021	0.00165321547308525	0.00195285133608244	0.00223713302953064	0.00248994437647758	0.00271063039591352	0.00289342225669508	0.00306210347128385	0.00319849850677145	0.00331155224047708	0.00340750188551751	0.00348898822684392	0.00355567920768873	0.00359929618021577	0.00363251993745779	0.00365821830394065	0.00368727035523244	0.0037032588601861	0.00371723649336588	0.00372846018138174	0.00373729613300281	0.00374097733168175
5.92759041931866E-5	1.37414160903461E-4	2.34603928916953E-4	3.59107086829586E-4	5.07893014944041E-4	6.93150057703711E-4	9.05255374438044E-4	0.00114502627195573	0.00139542559552025	0.00165719853615027	0.00190141608982705	0.00212512567920495	0.00232081634371372	0.00249359160213228	0.00264440820672771	0.00277660644105461	0.00288278853283848	0.00297960784292541	0.00305681819792384	0.00311674963166486	0.00316060192621119	0.00319716489796791	0.00322407314009883	0.00324680417494429	0.00326610517974848	0.00328148413815188	0.00329261805304151	0.00330240502500801	0.00330893938690906
5.33660690331271E-5	1.15522950167632E-4	1.95421030843364E-4	3.04210296224944E-4	4.30211561205478E-4	5.80530210688689E-4	7.60942943334209E-4	9.57904955602392E-4	0.00117203700093822	0.00139147261095739	0.0015980225107399	0.00178579237774996	0.00195237725295469	0.00210207941553456	0.0022322960400466	0.00234855326351388	0.00244180331521199	0.00252688931506882	0.00259549386575171	0.00264846731788658	0.00268953894812652	0.00272231788358488	0.00274419536536645	0.00276768229390107	0.00278578367327195	0.00279715163450814	0.0028077019855239	0.00281659789680203	0.00282582927510113
6.25356558140792E-5	1.50023457654615E-4	2.56262820193928E-4	3.92275515013078E-4	5.59618596632726E-4	7.59007900376444E-4	9.97222096357454E-4	0.00126125143905195	0.0015463088710425	0.00183195337549188	0.0020990832239622	0.00233826661091712	0.00255214919404572	0.00273618009753113	0.00289905124955903	0.00303871291390297	0.0031504124231584	0.00324846311917866	0.00332938938426481	0.0033897497527926	0.00343655705669438	0.00346581473452065	0.00349797987711801	0.00351959480865753	0.00354173742826394	0.00355778124387541	0.00356534856557133	0.00357663042780894	0.00358326258132709
4.88845664268924E-5	1.20194272154558E-4	2.02709761225505E-4	3.10020983249637E-4	4.37807682052286E-4	5.9440759263701E-4	7.8083149152106E-4	9.85511169170495E-4	0.00120959364794821	0.00144177849919272	0.00166095156404113	0.00186838548614707	0.00205668945776281	0.00222538124684467	0.00237503241770715	0.0025078074419041	0.00261273035752821	0.00271070588268272	0.00278274405958318	0.00283929489201809	0.00288199105750447	0.00291262377324023	0.00293714617930847	0.00295853430834783	0.00297268417716998	0.00298758226959956	0.0029977033752935	0.00301019563638652	0.00302147727470624
4.49292902669682E-5	1.02608851684113E-4	1.70338796566053E-4	2.61174454654281E-4	3.7114152552726E-4	5.02810803360961E-4	6.5972457765561E-4	8.37544573003952E-4	0.00102873678698226	0.00122730132180233	0.00141857292061751	0.00159793034114951	0.00176973697216718	0.00192221600371149	0.0020611433951604	0.00218596157784279	0.00229212862989442	0.00238993137964855	0.00245820735017214	0.0025201311644557	0.00256395511414621	0.00259613559093889	0.00262293453580101	0.00264358383012585	0.002656024631783	0.00267570594876093	0.00268562880528146	0.00269358493516871	0.00270278404156535
4.183059487997E-5	9.97153720837684E-5	1.69745267210374E-4	2.60488339664691E-4	3.70088480951701E-4	5.00873305885609E-4	6.59154028931211E-4	8.3594091815775E-4	0.00102672527086216	0.00122888612876557	0.00142260122709277	0.00160934652244187	0.0017841297317511	0.00194354473771116	0.00208972265980955	0.00222052853889131	0.00233209233795141	0.002430238628357	0.00250880195932633	0.00256801882355168	0.00261370871122058	0.00264726683130029	0.00267439459168531	0.00269342364673944	0.00271417494325314	0.00273033737187295	0.00274204369371668	0.00275231990422275	0.00276134039911167
3.72163467596566E-5	8.260199732515E-5	1.44775373186098E-4	2.22839189329604E-4	3.12757601166295E-4	4.28512693880408E-4	5.64213740795831E-4	7.16233059491248E-4	8.8792888651226E-4	0.00106196567611627	0.00124080845452732	0.00141595611111438	0.0015832058791902	0.00173815375090559	0.00188287619182137	0.00201406184367886	0.00212585945342662	0.0022262060881972	0.00230474361698589	0.00236813084737788	0.0024129817516668	0.00245076918457848	0.00247662570776076	0.00250205816639068	0.00251675010683623	0.002531183324702	0.00254332813183151	0.00255328948679102	0.00256474443316144
3.90568341021853E-5	9.05419467784247E-5	1.55828538036276E-4	2.36623740103038E-4	3.33626790432266E-4	4.48468856306028E-4	5.87652211248403E-4	7.42809621154211E-4	9.09378531622273E-4	0.00108376802163675	0.00125728821636444	0.00142406313146745	0.00158062513825494	0.00172442697022145	0.00185900866915191	0.00198398581814233	0.00208566387364353	0.00218076198873836	0.00225665005161262	0.00231195120106166	0.0023533576148195	0.00238672038452987	0.00241119480624943	0.00243165275595492	0.00244817523613334	0.0024615811701055	0.00247493720371682	0.00248254011611785	0.00249012615839718
3.96180640130431E-5	8.77172585514421E-5	1.51376442487294E-4	2.3135917708715E-4	3.31313105905023E-4	4.4765109575789E-4	5.90855137675701E-4	7.50273267847468E-4	9.24688802023761E-4	0.0011037894559595	0.00127432875810827	0.00143623479256857	0.00158417129364002	0.00171777554000513	0.00183922974940979	0.00194963319315098	0.00203900928701432	0.0021186803839213	0.00218235263870393	0.00223357191761144	0.00227185387933763	0.00230203351704923	0.00232499989439992	0.00234650450717238	0.00236413894640161	0.00238027755466918	0.002393064320865	0.00240123613492262	0.00241082126899658
4.61189279616633E-5	1.05315033597528E-4	1.81467150140238E-4	2.77063125005274E-4	3.99262333960442E-4	5.40416711878969E-4	7.08013877059E-4	8.98900997406316E-4	0.00110313649726871	0.00132350680887965	0.0015286902976386	0.00172608181612246	0.00191120914834806	0.00207569053019111	0.00222467660587504	0.00235941471750843	0.00247019207074774	0.00256667782205678	0.00264125232460816	0.00270046121134515	0.00274623889436185	0.0027814569733792	0.00280992431794522	0.00283148984615368	0.00284997562187107	0.00286620180498242	0.00287897814178127	0.00288916210553805	0.00289892590202236
5.49798897741022E-5	1.26767385078553E-4	2.21279736129762E-4	3.36169426263684E-4	4.79639187732328E-4	6.50854412913637E-4	8.56162229850886E-4	0.00108431716491491	0.0013302521936091	0.0015879723650665	0.00183019999878517	0.00205389608238686	0.00225867772067551	0.00244166201265988	0.00260871843319268	0.00275504441964765	0.00287960812002991	0.00299049701407543	0.00307910174990801	0.00314646741991307	0.00319719638813222	0.00323241316157038	0.00326158621028406	0.00328753227844033	0.00330792662775984	0.00332335926123174	0.00333743821593718	0.00334842239441171	0.00335703632022032
5.72079985939425E-5	1.3358240538355E-4	2.28684973144295E-4	3.47084430480492E-4	4.92733482594895E-4	6.69951448175365E-4	8.79520940797202E-4	0.00111195061109132	0.0013671863563052	0.00162871950101247	0.00187850220874028	0.00211357100737116	0.00232706634742792	0.00251893196233851	0.00269263367048838	0.00285076007110432	0.00298183855104779	0.00309994617832423	0.00319504303699683	0.00326516905894811	0.00331757115806319	0.00335886388892525	0.00338933887400212	0.00341560948305858	0.00343732458625554	0.00345574565294078	0.00346830620333279	0.00348087857017066	0.00348877757997877
5.41696143781982E-5	1.27922375809852E-4	2.1840012703316E-4	3.35836229762546E-4	4.70822862827531E-4	6.38374486499875E-4	8.39308513864436E-4	0.00106056580285357	0.0013010527438655	0.00155628280101199	0.0018021541126257	0.00203672332829744	0.00225520346753254	0.00245286412383656	0.00263499030443257	0.00279856296483182	0.00293180544357595	0.00305376162706238	0.00314968265078353	0.0032199600949624	0.00327227505115797	0.00331368747219747	0.00334665184098934	0.00337094903537536	0.00339112033219017	0.00340824995352069	0.00342098034190967	0.00343253897387355	0.0034444394040737
4.83894187478117E-5	1.15611254221161E-4	1.96293524694932E-4	2.97456277381933E-4	4.25573147742238E-4	5.76722145267068E-4	7.58833551967812E-4	9.59657071972467E-4	0.00118498652374812	0.00141854171606335	0.00164581603398769	0.00186196093179325	0.00206490820826099	0.00225369273811409	0.00242609887046576	0.00258579701367146	0.00271670057416869	0.00283905710121987	0.00293219488529279	0.00300465740353473	0.00305600245337876	0.00309696047411205	0.00312485943895698	0.00315280846579845	0.00317132824133201	0.00318569942560173	0.0031983379880535	0.00321457981726205	0.00322309573973741
4.30834745497945E-5	9.90123951387172E-5	1.72680473757081E-4	2.63571273782445E-4	3.75982261296102E-4	5.10315012601773E-4	6.74132495243225E-4	8.53972760077148E-4	0.00104527650315401	0.0012476753157782	0.00144160343803431	0.00162346119892399	0.00179043894345046	0.00193872811864316	0.00207937181447647	0.00220892163532898	0.0023143239597836	0.00241166996164102	0.00248620460788494	0.00254213738821319	0.00258493964619927	0.00261528348448522	0.0026410267105504	0.00266020115167673	0.00267639310761344	0.00268954119094517	0.00269920268054955	0.00270833510318155	0.00271607147602388
5.21960520707553E-5	1.19940328586056E-4	2.08772722834683E-4	3.16779086435999E-4	4.49501055574244E-4	6.08936726057925E-4	7.98049101615554E-4	0.00101012205718998	0.00124124636873739	0.00148063471646086	0.00171259224447638	0.00193145216065195	0.00213635221680209	0.00232314977432727	0.00249443164836302	0.00265034456388764	0.00278117718946412	0.00290022942217371	0.00299177148558447	0.00306209750342009	0.00311260877772022	0.00315049595458584	0.00317975491543704	0.00320347344737788	0.00322331976282722	0.0032384176190108	0.00325266193082469	0.00326105867189828	0.00327033908734795
5.64086662491335E-5	1.30996778872938E-4	2.2272043712005E-4	3.37900590866967E-4	4.80769173144556E-4	6.5311166448904E-4	8.57857940638185E-4	0.00108685688787874	0.00133284489226854	0.00158893019995654	0.00183539891695166	0.00206564604935225	0.00227750003352924	0.00246736501335188	0.00264309590504758	0.0027956355601091	0.00292708308579057	0.00304128059641909	0.00313220781547412	0.00320277332159711	0.00325341020869861	0.00329655048280047	0.00332314082183798	0.00334690393872238	0.0033656121220082	0.00338076766721457	0.00339346187431683	0.00340510199760558	0.00341566406174425
6.0477745360666E-5	1.42622980464044E-4	2.43887250460022E-4	3.70635458650203E-4	5.26761941255063E-4	7.15905628274268E-4	9.41101473553776E-4	0.00119479365607171	0.00146637936834389	0.0017435569325516	0.00201154383022521	0.00226601872109281	0.00250013471278237	0.00271217559618258	0.0029049460108026	0.00308112168905215	0.00322539376046533	0.00335489910708986	0.00345850160031947	0.00353333629305673	0.00359103494805244	0.00363474362953986	0.00366579604417455	0.00369029725378012	0.00371121593300119	0.00372794176624551	0.00374094639612178	0.00375180687970464	0.00376346744115998
5.07553024625818E-5	1.21999536675482E-4	2.07962264382577E-4	3.16316706391227E-4	4.51534367314379E-4	6.14040728839634E-4	8.10713522839923E-4	0.00102750764886922	0.00126827783135417	0.0015166701475188	0.00176180878758453	0.00199479285242059	0.00221347061981811	0.00241269091113069	0.00259707898432412	0.00276473980175632	0.0029053948858202	0.00303274089522361	0.00313353102723477	0.00320904902265439	0.00326435943294932	0.00330829020194831	0.00333873196169801	0.00336516928621477	0.00338534246851376	0.00340395055586488	0.0034183315349731	0.00342784053689496	0.00344001732275425
6.22241839995998E-5	1.39306870287298E-4	2.3355809489593E-4	3.68028033859277E-4	5.20224379327159E-4	7.06357159131861E-4	9.28633538979534E-4	0.00117876628277763	0.00144781477474357	0.0017214216309803	0.00198513178893434	0.00222985461989544	0.00245290512647422	0.00265568051909562	0.00283756397446309	0.00300594506420077	0.00314201678602038	0.0032695959094041	0.00336381336532085	0.00343727232104597	0.00349117226312876	0.00352873254192613	0.0035608353367722	0.00358493583754561	0.00360789096028695	0.00362444377065089	0.00363645218896034	0.00364961778109155	0.00366123107750975
6.02636358243843E-5	1.40221608121521E-4	2.39668405210829E-4	3.66922964557126E-4	5.24064348922722E-4	7.1176729836952E-4	9.35500540094499E-4	0.0011837210454099	0.0014539620061319	0.00173455799980741	0.0019996885299575	0.00224982237575297	0.00248022893726759	0.00269338770005809	0.00288558795665418	0.00306228453226669	0.00321140088160488	0.00334437088968955	0.00344969312577489	0.00353049932399054	0.00358701148330608	0.00362914399169167	0.00366254510213211	0.00368948052001365	0.00371229605428753	0.00372993000998476	0.00374270602308804	0.00375578747605923	0.00376094309527859
6.6602264319211E-5	1.44780058847546E-4	2.47951927030261E-4	3.7517621056407E-4	5.32596220556923E-4	7.20082790902743E-4	9.40560263665413E-4	0.00118744020466119	0.00145493880219916	0.0017314448791709	0.00199038427614185	0.00223028844665905	0.00244914046926522	0.00264511252067597	0.00282559244986527	0.00298598233326514	0.00311965078933241	0.00323888824798578	0.00333387397837994	0.00340466206224986	0.00345656231293863	0.00349647855775042	0.00352509798559972	0.00355297195090807	0.00357263053870129	0.00358730302410229	0.00360167851698004	0.0036127441487233	0.00362356418235584
6.73088684594341E-5	1.56099910645526E-4	2.71924734120668E-4	4.1588227209813E-4	5.9143106164109E-4	8.03857798162957E-4	0.00105847878380363	0.00134092329570693	0.00164138543659049	0.00194359913372296	0.00223344431480715	0.00249734699781797	0.0027346380483421	0.00294340366044673	0.00313532779839609	0.00330177383049	0.00344296624441893	0.00356792540582871	0.00366765541350936	0.00374298985501543	0.00379702623032692	0.00383987431689891	0.00386941935228556	0.00389648118443217	0.00391708368337043	0.00393733686340823	0.00394995047823507	0.00395854084463157	0.00397092086386002
6.71639018180372E-5	1.59776076484738E-4	2.77495525024609E-4	4.29043713086346E-4	6.0768199495777E-4	8.25229836257665E-4	0.00108452498694915	0.00137044422488943	0.00167919498929464	0.00199206659126184	0.00228118204316758	0.00255024127757922	0.00279004107749573	0.0030000837355764	0.00318872965693828	0.00335334189506389	0.00349296040148984	0.00361721006370484	0.00371456211343046	0.003789502889414	0.00384209089028343	0.00388398145422224	0.00391511583559233	0.00393815730850146	0.00396420376798658	0.0039769544650774	0.00399053954138184	0.00400155973166049	0.00401250681645936
8.74189558358693E-5	2.06167009683022E-4	3.56376304934291E-4	5.46228978162796E-4	7.78462662278761E-4	0.00105824641742357	0.00139412413048457	0.00175731228128516	0.00214642347061719	0.00252690422859614	0.00287443324377945	0.00318292949180206	0.0034428693357293	0.00366285385180969	0.00385226005784684	0.00401198361369691	0.00414533041021736	0.00426119619837869	0.00435480731175083	0.00442413002763875	0.00447815754482035	0.00452128823954151	0.0045513771990038	0.00457726560812008	0.00460054179189845	0.00461616363919818	0.00462782296891355	0.00463763763538858	0.004649725616987
9.38395390150602E-5	2.24696428660931E-4	3.8672429008514E-4	5.92407645603692E-4	8.43432726987514E-4	0.00114265580885088	0.00150027232673231	0.0018952010170897	0.00230781085834299	0.00271398868744928	0.00308227351465004	0.00340771885153016	0.00367532900878659	0.00390253980802808	0.00409365395273649	0.00425246807008833	0.00438267123527516	0.00449695961742911	0.00458918252149457	0.00466019752775372	0.00471250354811652	0.00475439478687955	0.0047831508836208	0.00481109345624091	0.00483380339255096	0.00485119437029687	0.00486249056208756	0.00487208089591449	0.00488125221571874
9.56043661387519E-5	2.26298039658182E-4	3.87774831186535E-4	5.92551868267891E-4	8.44326620038447E-4	0.00114697310775684	0.00150215630440632	0.00189293573995456	0.002303259973687	0.00270265371561556	0.00306613199791596	0.00338587515858714	0.00365152629318821	0.00387196801594686	0.00405764119524621	0.00421808843308026	0.00434562211084599	0.00445842216063846	0.00454714610256986	0.00461418353246688	0.00466473841160889	0.00470572643296277	0.00473414436528657	0.00475914695792423	0.00478016414639839	0.00479681350906913	0.00480939883585109	0.00482014501294027	0.00482914309913377
8.42245940910831E-5	1.96207947990887E-4	3.41831765705727E-4	5.19490604898055E-4	7.37630526085048E-4	0.00100138431849914	0.00131537064350979	0.00165457039523932	0.00201268590428376	0.00237129992076084	0.00269309309971323	0.00298183412144034	0.00322843043745569	0.00343941796764284	0.00361575948114415	0.00377257428854526	0.00389753181159087	0.00400555442458998	0.00408925105402634	0.00415814747597785	0.00420661443873061	0.00424269634076362	0.00426963705873115	0.00429434232470959	0.00431613559745417	0.00432992097084782	0.00434186039985942	0.00435301622871994	0.00436231081470199
9.31897207374389E-5	2.18409731854204E-4	3.72636783857899E-4	5.67526179018971E-4	8.0785926696217E-4	0.00109715134427891	0.0014401300032225	0.00180869948160393	0.00220037928337165	0.00258116364104483	0.00292410380634957	0.00323325836993015	0.00349116518483581	0.00370401978341225	0.00388458853308547	0.00403798559385074	0.00416387945329823	0.00427060732945488	0.0043585632416148	0.00442523486858504	0.00447554992822788	0.00451493378522921	0.00454116310355201	0.0045660183247454	0.00458862642720931	0.00460537300673301	0.00461510589933689	0.00462980583838378	0.00463846738511099
8.22471233476897E-5	1.99157004168983E-4	3.46059937855375E-4	5.28134649252691E-4	7.51895279259096E-4	0.00101734694211274	0.00133550946220581	0.00168297055897193	0.00205138884209829	0.00241635957006798	0.00275011774122836	0.00304255645584809	0.00329629914099474	0.00351548666520958	0.00370842567566506	0.00386937359205803	0.00400254477960955	0.00411927550628765	0.00421224229399279	0.00428076273628197	0.00433213064373903	0.00437016651428219	0.00439981125939598	0.0044254105553167	0.00444575327317373	0.00446203458443939	0.00447311559755752	0.00448310396510402	0.00449105630720555
8.28022575614131E-5	1.95611764479644E-4	3.3755835873253E-4	5.15986972175151E-4	7.39846155650833E-4	0.00100795432821696	0.00132073318987826	0.0016617035572879	0.00202883873402684	0.00239076215035138	0.00271593634805618	0.00300571616367414	0.00325337470166443	0.00345979341760523	0.0036371247088285	0.00379119736823119	0.0039172861714396	0.0040275211704257	0.0041160163427663	0.0041813887823761	0.00423240904985413	0.00427015611615812	0.00429813017018415	0.00432144678089084	0.00434013452777501	0.00435763401068655	0.00436903692729759	0.00437780982471973	0.00438718368291888
7.4840932591309E-5	1.755422725652E-4	3.0510576611513E-4	4.66003055390996E-4	6.65852926965907E-4	9.01920884097308E-4	0.00118273837843654	0.00149120829640698	0.00181966246567902	0.00214889227029291	0.0024459100532448	0.002708396496117	0.00293757037481435	0.00313154739759954	0.00329631149849634	0.00343971423535143	0.00355737363628467	0.00366081180696273	0.00374222908117189	0.00380436449586445	0.00385363860984568	0.00388779403202365	0.00391446138562472	0.0039392140751999	0.00395669485592476	0.00397249475897932	0.00398625946876005	0.00399443451440495	0.00400224793337011
6.93613706081946E-5	1.65764573120094E-4	2.88270388431065E-4	4.39454359081484E-4	6.24146985500506E-4	8.4751417287178E-4	0.00111348655937044	0.00140108735607067	0.00171273258557487	0.00202569624495032	0.00231558921340626	0.00258036498671295	0.00281138571781616	0.00301333527879401	0.00319382223927879	0.00335104479442026	0.00348044875794356	0.00359718313730322	0.00368923337936879	0.00375793125540457	0.0038075081432325	0.00384713792727944	0.00387637191679328	0.00390458310119509	0.00392302313654549	0.00393756514617171	0.00394969420116751	0.0039593055133141	0.00396768153565839
6.73408468546967E-5	1.58593388467804E-4	2.73634632068063E-4	4.17192775494831E-4	5.9416007175009E-4	8.06225188366695E-4	0.00105844263188984	0.00133789101444666	0.00163602085218896	0.00193695449030621	0.00221759124147551	0.00247401948057066	0.00269990046991384	0.0028984369732508	0.00307646845573711	0.00323397578263707	0.00335775890345556	0.00346958622793094	0.0035577651900778	0.00362413502093882	0.00367192018593735	0.0037101593739342	0.00373667688176306	0.00376145163191113	0.0037795190742713	0.00379440566585647	0.00380683735615487	0.00381665672926661	0.00382498264577607
5.27160025622971E-5	1.26871983311326E-4	2.16987136099763E-4	3.30881985045197E-4	4.69084778325202E-4	6.40818130101359E-4	8.38953154205189E-4	0.00106271174994727	0.00130189935494652	0.00154863239504792	0.00178107076486394	0.00199921984605524	0.00219400091181107	0.00237349705278139	0.00253516970637502	0.00267433162025322	0.00279262968292429	0.00289577225480749	0.0029773096326858	0.003038904063758	0.00308705653448741	0.0031227734184218	0.00315022767884901	0.00317121482935398	0.00318955527592957	0.00320507834924742	0.00321869892690167	0.00322384607071379	0.00323152411002327
5.81253391112277E-5	1.36300213296329E-4	2.32392796934601E-4	3.51087224855757E-4	4.96887462119493E-4	6.73883525650522E-4	8.79303661038219E-4	0.00111027123058308	0.00135786349879299	0.00161449631946403	0.0018592856468129	0.00208891356751207	0.00229804010529077	0.00248878858663037	0.00266298406696921	0.00281966548967626	0.0029499127067006	0.00306393449928991	0.00315937486132193	0.00322706382555789	0.00327404182026714	0.00331414999340333	0.00334344617505534	0.00336756159333513	0.00338604478981658	0.00340085386484486	0.00341326736579824	0.00342303994164996	0.00343375661457847
5.51574823054333E-5	1.19683765000755E-4	2.10079078403539E-4	3.18940752175436E-4	4.48753810990485E-4	6.07428499623441E-4	8.01671309738829E-4	0.0010178015142036	0.00124723617078564	0.00148913254374818	0.00172516137958561	0.00195084801359439	0.00216530956342353	0.00236333725837792	0.00254764335577568	0.00271299173682083	0.00285286337112975	0.00297691614686403	0.00307490760806173	0.00314814176052262	0.0032014571873453	0.0032417741837663	0.0032748147012771	0.00329835466750265	0.00332002941875024	0.00333858699903863	0.00334843189913017	0.00336121289402932	0.00337182375971439
4.89597384613686E-5	1.12843144315872E-4	1.89131898460026E-4	2.87475899335285E-4	4.05465607186485E-4	5.48521799583676E-4	7.20530602923767E-4	9.11499345392746E-4	0.00111686850488929	0.00133149268888481	0.00153486141446623	0.00172786958156412	0.00190427121759577	0.00206478890720806	0.00221129382526493	0.00234879291851684	0.00245728389150655	0.00255752073512418	0.00264178026877276	0.00270003006870535	0.00274982903782242	0.00277924390379313	0.00281043169959862	0.00283337466896417	0.00284800807889692	0.00286399849371638	0.00287339398290192	0.00288831387231204	0.00289473974678878