0.97590166	0.98028767	0.97784907	0.975353	0.97320056	0.97088867	0.96679014	0.96084911	0.95238006	0.94233054	0.93073964	0.91580307	0.89626354	0.87203056	0.84308982	0.80962867	0.76923329	0.72038186	0.66150725	0.59287137	0.51504111	0.42652845	0.32729074	0.21913138	0.10414585	-0.013812052	-0.12916362	-0.23906918	-0.34013134	-0.43174991	-0.51319027	-0.58474851	-0.64766335	-0.70304644	-0.75150549	-0.79316908	-0.82795477	-0.85638779	-0.87843156	-0.89569521	-0.90937793	-0.91951382	-0.92840511	-0.93648463	-0.94331378	-0.94974965	-0.9557659	-0.96166074	-0.96684176	-0.97156376
0.97246855	0.97703665	0.97512394	0.97295099	0.97092426	0.96877372	0.96476746	0.95900226	0.95100754	0.94132662	0.92986345	0.91544217	0.89632505	0.87243843	0.84390056	0.81085312	0.77052289	0.72222233	0.66370547	0.59542489	0.51769835	0.42937422	0.33049434	0.22248207	0.10793567	-0.0097975694	-0.12492308	-0.23447403	-0.33542985	-0.42675582	-0.50804204	-0.57972515	-0.64238471	-0.6977278	-0.7462222	-0.7877844	-0.82271606	-0.85086405	-0.87286901	-0.89015639	-0.90379041	-0.91408157	-0.92295444	-0.93107837	-0.93811345	-0.94437307	-0.95040721	-0.95632946	-0.96148932	-0.96625024
0.96957839	0.97429597	0.9726181	0.97057563	0.96857458	0.9667818	0.9628669	0.95719624	0.9496839	0.94030392	0.92935288	0.91513747	0.89654607	0.87297034	0.84487385	0.8122769	0.77225155	0.72400701	0.66583592	0.59797335	0.52061582	0.43274599	0.33405396	0.22623543	0.11183029	-0.0052532493	-0.1202334	-0.22961099	-0.33033773	-0.42158067	-0.50269336	-0.57413453	-0.63679087	-0.69199574	-0.74035174	-0.78197122	-0.81697267	-0.84530956	-0.86724722	-0.88443244	-0.89792877	-0.90837342	-0.91722161	-0.925309	-0.93228036	-0.93865824	-0.94462824	-0.95078832	-0.95569813	-0.96060413
0.96736419	0.97231722	0.97086191	0.96876019	0.96707404	0.96512818	0.96149331	0.95612907	0.94866145	0.93950236	0.92890745	0.91514289	0.89667153	0.87360132	0.84570795	0.81336635	0.77358097	0.72591084	0.66795796	0.6000728	0.52307481	0.43530604	0.33687946	0.22970808	0.11535776	-0.0015415373	-0.11643581	-0.2254723	-0.32603121	-0.41715252	-0.49819544	-0.56956542	-0.63203567	-0.68707913	-0.73536026	-0.77716041	-0.81172019	-0.84023374	-0.86224848	-0.87953782	-0.89282787	-0.90340245	-0.9122557	-0.92036712	-0.92715323	-0.93370736	-0.939623	-0.94556302	-0.95074022	-0.9555859
0.96585673	0.97081655	0.96934241	0.96747732	0.96562523	0.96404165	0.96032745	0.95535111	0.94799948	0.93921024	0.92875236	0.91510338	0.89695871	0.87420744	0.84660655	0.81457227	0.775047	0.72746164	0.66986233	0.60239202	0.52562129	0.43808737	0.3400718	0.23286924	0.11881212	0.0019842742	-0.11260983	-0.22120525	-0.3217428	-0.41249028	-0.49356499	-0.56464583	-0.62736189	-0.68223459	-0.73066157	-0.77220428	-0.80700624	-0.8353197	-0.85732061	-0.8743667	-0.8880021	-0.89839697	-0.90733159	-0.91539526	-0.92230344	-0.92867172	-0.93469459	-0.94072217	-0.94582176	-0.95076054
0.96464425	0.96950579	0.96846241	0.96645832	0.96513283	0.96333098	0.95990229	0.95496327	0.947788	0.93923396	0.92894703	0.91559422	0.89774674	0.87499368	0.84783667	0.81600618	0.77683079	0.72943968	0.67205477	0.60484248	0.52831799	0.44102699	0.34313002	0.23617826	0.1225825	0.0060050902	-0.10834545	-0.21706483	-0.31721848	-0.40768096	-0.48858628	-0.55967617	-0.62220919	-0.67718399	-0.72557294	-0.76673186	-0.80182892	-0.83005214	-0.85182041	-0.86908072	-0.88267463	-0.89292908	-0.9019078	-0.91003847	-0.91722095	-0.92343783	-0.92946237	-0.93552291	-0.94056612	-0.94548976
0.96408683	0.96897393	0.96782309	0.96591145	0.96458149	0.96284181	0.95965689	0.95490104	0.94793051	0.93954587	0.92941242	0.91656357	0.89893627	0.87643588	0.84936094	0.81761235	0.77881062	0.73188633	0.67466986	0.60770243	0.53136766	0.44447643	0.34677365	0.24024282	0.12673457	0.010361098	-0.10361651	-0.21198019	-0.31201208	-0.40238652	-0.48310155	-0.55407685	-0.61648887	-0.67120248	-0.71934408	-0.76085687	-0.79553193	-0.82400131	-0.84578466	-0.86303473	-0.8764928	-0.8870188	-0.89582646	-0.90388012	-0.91097772	-0.91745627	-0.92339778	-0.92947817	-0.93484324	-0.93947351
0.96346325	0.96836585	0.96739465	0.96558046	0.96417052	0.96257871	0.95967329	0.9550513	0.94849777	0.9405244	0.9306286	0.9177832	0.9003132	0.87816143	0.85154295	0.82006854	0.78145629	0.73482662	0.67775792	0.61128896	0.53523672	0.44862369	0.35115612	0.24479093	0.13183708	0.015818624	-0.097983822	-0.20608735	-0.30570394	-0.39606529	-0.47637889	-0.54731941	-0.60935664	-0.66425526	-0.71248853	-0.7538662	-0.78861856	-0.81680465	-0.83861887	-0.8560046	-0.86936635	-0.87977111	-0.88861436	-0.89671576	-0.90377551	-0.91046721	-0.91624218	-0.92225337	-0.92764229	-0.93228561
0.96321166	0.96843642	0.96732152	0.96550608	0.96421438	0.96281004	0.95981455	0.95550019	0.9492963	0.94166875	0.93211424	0.91954762	0.90247148	0.88086891	0.85442364	0.82328975	0.78501493	0.73859614	0.68192399	0.61558157	0.54003102	0.45348534	0.35670403	0.25077128	0.13786851	0.022344094	-0.091129489	-0.19891393	-0.29823127	-0.38839042	-0.46830335	-0.53902745	-0.60099226	-0.6559779	-0.70397121	-0.74516499	-0.78002542	-0.80815107	-0.83012491	-0.84718138	-0.86064893	-0.87143385	-0.8802858	-0.88804179	-0.89531225	-0.90157205	-0.90777767	-0.91360337	-0.91859615	-0.92382795
0.96335578	0.96839392	0.96756899	0.96576029	0.964598	0.96312517	0.96040297	0.95604098	0.95016223	0.94319206	0.9344129	0.92231965	0.90556514	0.88415468	0.8581717	0.82738841	0.78943068	0.74333471	0.68708009	0.62128109	0.54595119	0.45986426	0.3635357	0.25778595	0.14538285	0.03021802	-0.082690865	-0.19003272	-0.28905556	-0.37892947	-0.4585261	-0.5291748	-0.59086651	-0.64545655	-0.69349784	-0.73509675	-0.76954663	-0.79769289	-0.819592	-0.83685237	-0.85030544	-0.86071813	-0.86976945	-0.87779957	-0.8846001	-0.89112514	-0.89715093	-0.90319991	-0.90827405	-0.91331613
0.9638505	0.96888447	0.96806252	0.96626526	0.96527058	0.96386617	0.96091634	0.95684075	0.95126194	0.94462746	0.93673384	0.92549855	0.90944862	0.88834941	0.86296088	0.83260882	0.79503423	0.74926984	0.69347352	0.62801051	0.55330479	0.46773422	0.37184343	0.2667326	0.15497433	0.040156893	-0.072253495	-0.17914413	-0.27762413	-0.36737844	-0.4464474	-0.51704121	-0.57832414	-0.63292569	-0.6809442	-0.72226006	-0.75679213	-0.78483206	-0.80693156	-0.82401776	-0.83733982	-0.84779149	-0.85702467	-0.86470085	-0.87182742	-0.87825578	-0.88438439	-0.89034057	-0.89522266	-0.90052152
0.9644658	0.96922439	0.96865791	0.9671827	0.96593988	0.96451926	0.96186316	0.95786029	0.95241934	0.94621664	0.93893141	0.9288851	0.91401064	0.89387262	0.86898422	0.83908015	0.80215257	0.75689709	0.7015574	0.63667709	0.56237084	0.47753042	0.38208973	0.27760825	0.16656747	0.052494582	-0.059482943	-0.16571306	-0.2638087	-0.35314509	-0.43172023	-0.50193959	-0.56297898	-0.61759114	-0.66548169	-0.70663726	-0.74110425	-0.7690708	-0.79115713	-0.80813336	-0.82149041	-0.83189374	-0.84133053	-0.84922576	-0.85622984	-0.86269122	-0.86873019	-0.87444735	-0.87960696	-0.88473302
0.96522439	0.97009796	0.96939528	0.96780509	0.96682584	0.96558869	0.96293068	0.95911217	0.9536404	0.94773239	0.9408198	0.93186253	0.91882139	0.90019053	0.87631118	0.84719533	0.81076419	0.76630557	0.71152067	0.64724731	0.57357305	0.48942605	0.39474913	0.2911413	0.18087199	0.067487717	-0.043722536	-0.14926064	-0.2467586	-0.33518869	-0.4137578	-0.48358515	-0.54464835	-0.59903693	-0.64651251	-0.68730843	-0.72195941	-0.75007987	-0.77187854	-0.7891382	-0.80232638	-0.81287366	-0.82229793	-0.83016461	-0.8371076	-0.8433941	-0.84949976	-0.85557556	-0.86066115	-0.86542672
0.9661684	0.97087365	0.97023505	0.96874017	0.96790922	0.96662503	0.96399081	0.96026409	0.95509142	0.9494468	0.94288731	0.93444294	0.92275602	0.90671927	0.88475674	0.85703319	0.82146323	0.77756226	0.72375631	0.6601553	0.58758777	0.50414073	0.4103739	0.30742306	0.19827516	0.085931264	-0.024527797	-0.12913089	-0.2261353	-0.31374085	-0.39198968	-0.46113983	-0.52202117	-0.5760653	-0.62354136	-0.6644932	-0.69884163	-0.72696608	-0.74869025	-0.76581562	-0.7792325	-0.78978938	-0.79907846	-0.8068049	-0.81419539	-0.82026041	-0.82641762	-0.83236212	-0.83729053	-0.84233338
0.96701097	0.97178394	0.97129667	0.96985191	0.96907228	0.96785098	0.96535742	0.9619031	0.95668185	0.95135278	0.94503379	0.93695539	0.92586958	0.91154993	0.89361173	0.86826295	0.83421093	0.79160249	0.73868263	0.6762439	0.60450053	0.52221012	0.42924169	0.32759726	0.21962419	0.10809316	-0.0010240943	-0.10490745	-0.20098624	-0.28800687	-0.36543882	-0.434385	-0.49503306	-0.5486986	-0.59572971	-0.63670385	-0.67088002	-0.6989333	-0.72070557	-0.73775774	-0.75116801	-0.7616806	-0.77101856	-0.77878219	-0.78567922	-0.79219282	-0.79834557	-0.80401623	-0.80944049	-0.81425881
0.96816546	0.97283632	0.97225046	0.97107583	0.97027934	0.96912676	0.96680284	0.96321684	0.95842773	0.95337856	0.94727683	0.93969548	0.92913514	0.91558182	0.89998347	0.87988329	0.84912056	0.80813837	0.75654012	0.69549656	0.62498349	0.54380864	0.45238742	0.35198817	0.24525005	0.13523865	0.027100453	-0.075304352	-0.17067441	-0.25693995	-0.3336668	-0.40177286	-0.46213111	-0.51519394	-0.5622924	-0.60304475	-0.63722438	-0.66534257	-0.68669897	-0.70382702	-0.71735477	-0.72788441	-0.73707718	-0.74500448	-0.7519328	-0.75820416	-0.76426774	-0.77001262	-0.77549022	-0.7805106
0.96944666	0.97401732	0.97352558	0.97240216	0.97168827	0.97054833	0.96838504	0.96498996	0.96050084	0.95543075	0.94980782	0.94239283	0.9323439	0.91970569	0.90504712	0.88772476	0.86410815	0.82738352	0.77800059	0.71846193	0.64977807	0.57016945	0.4805353	0.38149166	0.27629316	0.16781358	0.06131066	-0.040051721	-0.13428508	-0.21904221	-0.29529005	-0.36288089	-0.42230603	-0.47550812	-0.52247643	-0.56300426	-0.59651726	-0.62467217	-0.64604348	-0.66342282	-0.67671776	-0.68752551	-0.69647789	-0.70430923	-0.71122712	-0.71779019	-0.72379267	-0.7295385	-0.73480958	-0.73967868
0.97049356	0.97516721	0.97471708	0.97354668	0.97310716	0.97211838	0.96999174	0.96692359	0.96237397	0.95768201	0.95231724	0.94547731	0.93588519	0.92387259	0.91026014	0.89435208	0.87432843	0.84694815	0.80256468	0.74567205	0.67910254	0.60165423	0.51388025	0.41696078	0.31354004	0.20712745	0.10227635	0.0023784356	-0.090238236	-0.17404146	-0.24897486	-0.31603825	-0.37509462	-0.42788294	-0.4742882	-0.51446152	-0.54849964	-0.57611197	-0.59774166	-0.6150648	-0.62816125	-0.63889784	-0.64788747	-0.65575111	-0.66264713	-0.66936624	-0.67517781	-0.68097389	-0.68626362	-0.69115227
0.97183949	0.97643411	0.97605067	0.9750101	0.97451591	0.97368538	0.97170335	0.96876389	0.96460259	0.96023601	0.95518726	0.94856673	0.93971157	0.92835462	0.91567636	0.90078676	0.88245386	0.85966909	0.82777333	0.77693307	0.71365196	0.63873696	0.55335987	0.45894092	0.35770491	0.25363901	0.15085261	0.052614357	-0.038030595	-0.12050778	-0.1945734	-0.26091179	-0.31907704	-0.37146077	-0.41768724	-0.45745617	-0.49131858	-0.51888847	-0.54072112	-0.55769622	-0.57076919	-0.58152801	-0.59047484	-0.5986008	-0.60547793	-0.61194783	-0.61811429	-0.62353331	-0.62902117	-0.63346785
0.9734056	0.97777736	0.97754467	0.9765619	0.97621858	0.9756909	0.97385591	0.97084224	0.96694642	0.96307588	0.95839947	0.95225275	0.94388908	0.93332487	0.92155701	0.9078269	0.89114594	0.87052029	0.84373301	0.80922741	0.75285995	0.68183482	0.59967786	0.50802565	0.40974379	0.3080641	0.20768917	0.11149955	0.022645198	-0.058042321	-0.13081115	-0.1960457	-0.25355738	-0.30514005	-0.35110405	-0.39085424	-0.42450964	-0.45192093	-0.4736028	-0.49067694	-0.50386184	-0.51447725	-0.52357066	-0.53139472	-0.53831422	-0.54504484	-0.55103791	-0.5564059	-0.56200069	-0.56651086
0.97506374	0.97920597	0.97902602	0.97821409	0.9779644	0.97741413	0.97568536	0.97312194	0.96974707	0.96580958	0.96157664	0.95621192	0.94843453	0.93850923	0.92779791	0.91554534	0.89997482	0.88129228	0.85745561	0.82910067	0.79302746	0.73025638	0.65235311	0.56464338	0.46974024	0.37117007	0.27377525	0.18006669	0.093489416	0.014379571	-0.05671531	-0.12065537	-0.17736861	-0.22851267	-0.2737321	-0.31352738	-0.34688529	-0.37409332	-0.39557692	-0.41267866	-0.42607662	-0.43656453	-0.44570553	-0.45357203	-0.46043548	-0.46717092	-0.47306785	-0.47854197	-0.48402581	-0.48862424
0.97672886	0.98109269	0.98066318	0.9798727	0.97975916	0.97966295	0.97809488	0.97560155	0.97220445	0.9691034	0.96504956	0.96029359	0.95304048	0.94395101	0.93440229	0.92325395	0.9095192	0.89272881	0.87103307	0.84637696	0.8180384	0.77960926	0.71084338	0.62832916	0.53784734	0.44311509	0.34890422	0.25843099	0.17416616	0.097439185	0.027865544	-0.034669265	-0.090334386	-0.14095435	-0.18599667	-0.22524908	-0.2581971	-0.28532004	-0.30673641	-0.32380593	-0.33691427	-0.34761876	-0.35688496	-0.36471352	-0.37215611	-0.37791869	-0.3840909	-0.38979298	-0.39477676	-0.3998442
0.97850543	0.98254788	0.98242176	0.9817307	0.98174596	0.98167235	0.98038876	0.97804803	0.97502589	0.97223002	0.96884018	0.96450412	0.95796561	0.94980395	0.94150919	0.93162364	0.91937143	0.90434337	0.88516235	0.86344063	0.8391943	0.80962777	0.76986688	0.69742221	0.61258197	0.52237725	0.43251649	0.34606051	0.26461679	0.19010827	0.12278051	0.061490212	0.0072060246	-0.04266917	-0.086999677	-0.12602583	-0.15890966	-0.18609147	-0.2074021	-0.22437163	-0.23756734	-0.2483757	-0.25748217	-0.26510829	-0.27224103	-0.27856693	-0.28476414	-0.29032686	-0.29549375	-0.30026719
0.98064178	0.98436242	0.98434353	0.98369062	0.98390126	0.98390627	0.98286068	0.98070782	0.97792995	0.97553623	0.97283053	0.96891856	0.96325856	0.95577645	0.94844925	0.93984354	0.9294048	0.91606796	0.89936006	0.88070351	0.85990226	0.83495265	0.80511129	0.76576185	0.69151264	0.60768747	0.52317888	0.44056022	0.36292368	0.29142419	0.22600012	0.16685064	0.11344962	0.064858541	0.020836756	-0.017860522	-0.050459579	-0.077632353	-0.098789588	-0.11593843	-0.12910374	-0.14003853	-0.14912803	-0.15675166	-0.16385056	-0.17010948	-0.17621376	-0.18170455	-0.18668734	-0.19149292
0.98270577	0.98636317	0.98617178	0.98563027	0.98603159	0.98598552	0.98504263	0.98330921	0.98079604	0.97899395	0.97662133	0.97345656	0.96830195	0.96173382	0.95573646	0.94825721	0.93928069	0.92793548	0.91326898	0.89726025	0.8800174	0.85947442	0.83471119	0.80552006	0.76697457	0.69452411	0.61657101	0.53926051	0.46587917	0.39768395	0.33514386	0.27807957	0.2260793	0.17844643	0.13500716	0.096745633	0.064320937	0.03736449	0.016030552	-0.0011581719	-0.014352984	-0.025262361	-0.03441783	-0.04195036	-0.048921883	-0.055539522	-0.061150797	-0.066729069	-0.071853995	-0.07629516
0.98487419	0.98814398	0.98818815	0.98768568	0.9879784	0.98819911	0.98762286	0.98584938	0.98385388	0.98210317	0.98019737	0.97765666	0.97316515	0.96746564	0.96232599	0.95618868	0.9487195	0.93917084	0.92669564	0.91330588	0.8990103	0.88182443	0.86214906	0.83838695	0.81063408	0.77460623	0.7077406	0.6373986	0.56924123	0.50541067	0.44595376	0.39138851	0.3408249	0.29414281	0.25183868	0.21395361	0.18184799	0.15490118	0.13361159	0.11642534	0.10289449	0.092088416	0.083042882	0.075406224	0.06883271	0.062227983	0.056055624	0.050588422	0.045611095	0.041079622
0.9868567	0.99030995	0.99008149	0.9896028	0.99008536	0.99039865	0.98992962	0.98839575	0.98646605	0.98523933	0.98363805	0.98170739	0.97786361	0.97299528	0.9687196	0.96391767	0.95740932	0.94958758	0.93900585	0.92802829	0.91654897	0.9027971	0.88678622	0.86787981	0.84602147	0.82082498	0.78894937	0.72921872	0.66779512	0.60911578	0.55351394	0.50215417	0.45384565	0.4085902	0.36664447	0.32951933	0.29789543	0.27122524	0.2498872	0.23247562	0.21878462	0.20813173	0.19895644	0.19143367	0.18434155	0.17811608	0.17179817	0.16647245	0.16152208	0.1570036
0.98874438	0.99196947	0.99183202	0.99140483	0.99182153	0.9923532	0.99214476	0.99049145	0.98892772	0.98809707	0.98699385	0.98541981	0.98192757	0.97782177	0.97459388	0.97054529	0.96541041	0.95913398	0.95008725	0.94104284	0.93200296	0.92129564	0.90828288	0.89379579	0.87664366	0.85713834	0.8355301	0.80793899	0.75616258	0.70418763	0.65341181	0.60580599	0.56046742	0.51709503	0.47636753	0.43962881	0.40851712	0.38223541	0.36083058	0.34346342	0.32954657	0.31853515	0.30937234	0.30170742	0.29488647	0.28856459	0.28235745	0.27696154	0.27205539	0.26766348
0.99073929	0.993608	0.99336207	0.9931674	0.9935981	0.99400431	0.99398899	0.9927417	0.99126357	0.99072462	0.98967797	0.98849308	0.98562622	0.9823271	0.97962171	0.97668284	0.97265238	0.96737146	0.96001548	0.95255476	0.94547528	0.93732703	0.92718875	0.91558963	0.9021489	0.88739252	0.87180185	0.85339826	0.82910126	0.78571367	0.74182683	0.69890028	0.65705788	0.61624122	0.57698739	0.54121399	0.51071167	0.48469889	0.46360779	0.44612405	0.43165287	0.42020187	0.41148701	0.40387067	0.39698222	0.3905794	0.38451403	0.37923923	0.37403819	0.36960924
0.99244672	0.99504381	0.99482954	0.99439943	0.99503469	0.9956727	0.99545491	0.99417466	0.99314582	0.99262738	0.99230146	0.99125969	0.98922098	0.98597294	0.98414683	0.9815827	0.97859472	0.97427332	0.96801549	0.96205693	0.95684773	0.95052433	0.94259453	0.93359566	0.92358541	0.912247	0.90072447	0.88758743	0.87152666	0.85088193	0.81527686	0.77869129	0.74154836	0.7041018	0.66715795	0.63255483	0.60281628	0.57721883	0.55606055	0.53866577	0.52395338	0.51277262	0.50369662	0.49610537	0.4891426	0.48270139	0.47660553	0.47100753	0.46620354	0.46180791
0.99390584	0.99605465	0.99605685	0.99565434	0.99646479	0.99699074	0.99661541	0.99576747	0.99461663	0.99471653	0.99421448	0.99341327	0.99165058	0.98902482	0.98746961	0.98561877	0.98323286	0.97998536	0.97480899	0.96996707	0.96604943	0.96107507	0.95538372	0.94818461	0.94048482	0.93180054	0.92335314	0.91399848	0.90278232	0.88899517	0.87156278	0.84295768	0.81224465	0.77941734	0.74550426	0.71325231	0.68435884	0.65936649	0.63832349	0.62087357	0.60625225	0.5947848	0.5861637	0.5782789	0.57090974	0.56447518	0.55847079	0.5528962	0.54804921	0.54366851
0.99500769	0.99719262	0.99692971	0.99673158	0.99759442	0.99800968	0.99770212	0.99672997	0.99600822	0.9960323	0.99595976	0.99526519	0.99362046	0.99128622	0.99025714	0.98913133	0.98707485	0.98433292	0.98005831	0.97624964	0.9734363	0.96972561	0.96498394	0.960087	0.95345217	0.94711685	0.94074416	0.93467969	0.92648256	0.91699481	0.90592748	0.89150542	0.86785531	0.84135932	0.8120001	0.78224903	0.75575906	0.73144603	0.71083063	0.69347477	0.67871076	0.66732311	0.65841997	0.65038109	0.64317369	0.63644719	0.63032311	0.62492919	0.61986488	0.61581171
0.99614692	0.99788105	0.99756485	0.99735171	0.99808037	0.99863505	0.99868357	0.99789447	0.99681383	0.99710733	0.99719071	0.99668169	0.99513459	0.99323565	0.99263561	0.99174011	0.9903599	0.98790026	0.98391151	0.98105472	0.97892094	0.97632802	0.9727605	0.96846062	0.96372062	0.95904446	0.9544481	0.95011169	0.94393253	0.93738329	0.92995459	0.92128491	0.90919125	0.88936722	0.86574608	0.84049904	0.81678468	0.79446548	0.77420628	0.75731051	0.74267441	0.73114979	0.72200614	0.71408182	0.70677811	0.69991601	0.694179	0.68823129	0.68365365	0.67903394
0.99666238	0.99854195	0.99807578	0.99805361	0.99856204	0.99916732	0.99918282	0.99835414	0.99761224	0.99776399	0.99794531	0.99770409	0.99623996	0.9946785	0.99417084	0.99365759	0.99234086	0.99043596	0.98724467	0.98486465	0.98310107	0.98101664	0.97847122	0.97538257	0.97121572	0.96778446	0.96490914	0.96142071	0.95733833	0.95257986	0.94777685	0.94215643	0.9348008	0.92470658	0.90784085	0.88818109	0.86802948	0.8479768	0.82926208	0.81286234	0.79827422	0.78673005	0.77782196	0.76974887	0.76245445	0.75544417	0.74921095	0.74377435	0.73912102	0.73461533
0.99705309	0.99861878	0.99837208	0.99830788	0.99907953	0.99975377	0.99965513	0.99886858	0.99800783	0.99813318	0.99836719	0.99863088	0.99716002	0.99546057	0.99533701	0.99502748	0.99417698	0.99221659	0.98937184	0.98760498	0.98632145	0.98493028	0.98311615	0.98001593	0.97695148	0.97436482	0.97215509	0.97029513	0.9671849	0.96373814	0.96030152	0.95699835	0.9524489	0.9467259	0.93774235	0.92444068	0.9095661	0.89284319	0.87651539	0.86074156	0.84637946	0.83488238	0.82621801	0.81799179	0.81104213	0.8040449	0.79770237	0.79205352	0.7871846	0.78310776
0.99746299	0.99893028	0.99860525	0.99858099	0.99965966	0.99991351	0.99969095	0.99904466	0.99801314	0.99850917	0.99891371	0.99872643	0.99769449	0.99623507	0.99611914	0.99584043	0.99511689	0.99375403	0.99118692	0.98958617	0.98883986	0.9876076	0.98601073	0.9838078	0.98145372	0.97925717	0.97765404	0.97644794	0.9743374	0.97197419	0.96959478	0.96754444	0.96486795	0.96111852	0.95584142	0.94982249	0.94064432	0.92817438	0.91440994	0.90067178	0.88706195	0.87611133	0.86735415	0.85954475	0.8520577	0.84534317	0.83905381	0.83350843	0.82854152	0.82445461
0.99757212	0.99893659	0.99853915	0.99839914	0.99930698	0.99988294	1	0.99885547	0.99825424	0.99880761	0.99906039	0.99895316	0.9978444	0.99653608	0.99658918	0.99654043	0.99616539	0.99456966	0.99223059	0.99081177	0.99043697	0.98937643	0.98823583	0.98664498	0.98441643	0.98277545	0.98179042	0.98108268	0.9794268	0.97736943	0.97605538	0.97486156	0.97314048	0.97070348	0.96747971	0.96454656	0.9612667	0.95350361	0.94373488	0.93206316	0.91991895	0.91010481	0.90171832	0.89371073	0.88676339	0.87959439	0.87333947	0.86792207	0.86323547	0.859092
0.99766862	0.99870813	0.99859107	0.99832261	0.99942654	0.99982285	0.99978805	0.99902368	0.99821979	0.9987669	0.99916929	0.99916279	0.99788606	0.99678028	0.99691921	0.99673349	0.99655128	0.99520105	0.99292737	0.99162716	0.99137425	0.99099618	0.98967719	0.98844504	0.98655659	0.98530227	0.98475552	0.98426211	0.9829461	0.9814449	0.98057741	0.98030353	0.97916412	0.97758549	0.97505003	0.97351968	0.9725638	0.9701665	0.96393013	0.95529693	0.94502556	0.9360733	0.92882657	0.92127371	0.91423357	0.90723646	0.90097636	0.89549989	0.89082646	0.88646829
0.99726945	0.99844337	0.99807209	0.99811047	0.99927694	0.99945599	0.99955982	0.99878103	0.998092	0.99889225	0.99921155	0.99878949	0.99764764	0.99628496	0.99712962	0.99679244	0.99664205	0.9951396	0.99361205	0.99225962	0.99197465	0.99172795	0.99095678	0.98984993	0.98768711	0.98661762	0.98655856	0.98621774	0.98553604	0.98460519	0.98402601	0.98354	0.98315662	0.98183894	0.98001397	0.97907948	0.97906321	0.97851425	0.97641921	0.97071606	0.96298033	0.95527959	0.94903404	0.94221348	0.9356305	0.92874813	0.92238963	0.91695613	0.91245925	0.90788937
0.99722648	0.99809575	0.99780232	0.99795914	0.998882	0.99938869	0.99923575	0.99849755	0.99779755	0.99841601	0.99858361	0.99834478	0.99758226	0.99649739	0.99673164	0.9967311	0.99663061	0.9952867	0.99334818	0.99270982	0.99256378	0.99250031	0.9916904	0.99036586	0.98872375	0.98784196	0.9881621	0.98800015	0.98719621	0.98648047	0.98627907	0.98596519	0.98585933	0.98517513	0.98333406	0.98293668	0.98306125	0.98282051	0.98226929	0.97990602	0.97438246	0.9689427	0.96337527	0.95769525	0.9511916	0.9447577	0.93857735	0.93356699	0.92889577	0.92469108
0.99715173	0.99813867	0.99759859	0.9974134	0.9983651	0.99920833	0.99911922	0.99797982	0.9975372	0.99802607	0.99865776	0.99836147	0.99720711	0.99643725	0.99652958	0.99658722	0.99646837	0.9955731	0.99371642	0.99272919	0.9929927	0.99264431	0.99215567	0.99093425	0.98952472	0.9890219	0.98898453	0.98889142	0.98857355	0.98795974	0.98787463	0.98806876	0.98759586	0.98709691	0.98547465	0.9850716	0.9858194	0.98578608	0.98557973	0.9840281	0.98151988	0.97752553	0.97384334	0.96893078	0.96311575	0.95692706	0.95127493	0.94597292	0.94165027	0.93770885
0.99665189	0.99756551	0.99732757	0.99722344	0.99824578	0.99863452	0.99852639	0.9978295	0.9972946	0.99763054	0.99816751	0.99807215	0.99708837	0.99597138	0.99653566	0.9966774	0.99637735	0.99534816	0.99366182	0.9927882	0.99265909	0.9929049	0.99234289	0.99113613	0.99003643	0.98957282	0.98981684	0.98975778	0.98948199	0.98882258	0.98899281	0.98894352	0.98915797	0.98856223	0.98711276	0.98704594	0.98783237	0.98787612	0.98753768	0.98662871	0.98430228	0.98319	0.98077464	0.97690541	0.9717502	0.9661786	0.96099663	0.95598567	0.95162892	0.94748718
0.99676019	0.99726385	0.99691719	0.99673712	0.99817955	0.99825126	0.99838924	0.99760157	0.99689549	0.997361	0.99790204	0.99789757	0.99686176	0.99579364	0.99637747	0.99634701	0.99608982	0.99509305	0.99334055	0.99276173	0.99304479	0.99308562	0.9924891	0.99160302	0.99070394	0.98993856	0.99018389	0.99027616	0.99007529	0.98942178	0.98956722	0.99017125	0.99033785	0.98950267	0.98827034	0.98840612	0.98914593	0.98934919	0.98921174	0.98807985	0.9863013	0.98586905	0.9853344	0.98246813	0.97833246	0.9732849	0.96846801	0.96368539	0.9596045	0.95588571
0.99649066	0.99694973	0.99662226	0.99657041	0.99762756	0.99797446	0.99805164	0.99718386	0.99661267	0.99730068	0.99780864	0.99754375	0.99657595	0.99563473	0.99610871	0.99624258	0.99608266	0.99509043	0.99346226	0.99274814	0.99306887	0.99309486	0.99269712	0.99196857	0.99053931	0.99021584	0.99064648	0.99077642	0.99046683	0.99013776	0.99026817	0.99089533	0.99082953	0.99009782	0.98924905	0.98921615	0.989972	0.99054205	0.99016106	0.9893235	0.98741323	0.98725271	0.98764694	0.98670167	0.98349422	0.97932893	0.97480989	0.97054619	0.96638751	0.96280992
0.99625915	0.99684256	0.99635476	0.99653506	0.9976725	0.99814129	0.99783289	0.99707741	0.99635369	0.99708259	0.99742663	0.99737167	0.99656463	0.99541146	0.99598944	0.99646139	0.99598718	0.9952513	0.99341428	0.99277055	0.99335903	0.99298763	0.99310839	0.99214363	0.99096113	0.99085194	0.99110645	0.99110407	0.99080276	0.99060106	0.99106711	0.9913159	0.99149895	0.99085379	0.98977697	0.99007756	0.99077952	0.99111062	0.9913767	0.99016047	0.98867172	0.9884814	0.98858303	0.98854089	0.98759604	0.98415488	0.98022914	0.97658014	0.97273576	0.96951151
0.99634582	0.99660397	0.99619067	0.99636191	0.99742532	0.99777383	0.99782974	0.99679834	0.99638796	0.99708384	0.99753797	0.99731666	0.99615067	0.99535531	0.99591666	0.99594468	0.99601716	0.99508995	0.99351305	0.99289447	0.99314892	0.99354261	0.99319899	0.99217933	0.99111921	0.99075234	0.9913196	0.99174672	0.99137098	0.99133426	0.99127603	0.99186701	0.99218005	0.99119031	0.99046212	0.9907968	0.99148965	0.99213058	0.99166137	0.99091136	0.98936063	0.98937702	0.98997748	0.98969132	0.98952562	0.98788238	0.98511988	0.98164916	0.97843879	0.97487444
0.99614668	0.99651104	0.99599606	0.99622315	0.99752051	0.99753773	0.99758494	0.99647921	0.99661446	0.99715185	0.99721611	0.99707937	0.99609792	0.99530584	0.9959653	0.99598342	0.99582231	0.99505579	0.99350727	0.99300164	0.99349773	0.99363059	0.99347472	0.99257809	0.99127626	0.99120247	0.99170041	0.99180043	0.99150825	0.9913823	0.99162728	0.99233276	0.99238843	0.99162281	0.99094701	0.99133295	0.99223918	0.99244791	0.99252361	0.99159926	0.99007469	0.99034649	0.99114609	0.99101973	0.99064261	0.98941898	0.98906517	0.98629385	0.98363882	0.98044759
0.99618506	0.99628615	0.99598593	0.99593902	0.99743676	0.99745125	0.99739856	0.99656516	0.99627644	0.99674404	0.9972235	0.99715728	0.99596041	0.99530548	0.99573278	0.99614203	0.995745	0.99491972	0.99349505	0.99312317	0.99317455	0.99372995	0.9934777	0.9923178	0.99150175	0.99115407	0.9920252	0.99204624	0.99212235	0.99184376	0.9922688	0.99265712	0.9929508	0.99188548	0.9912532	0.99164629	0.99267232	0.99337518	0.99316633	0.99203515	0.99088162	0.9909215	0.99190366	0.99205446	0.9917227	0.99131089	0.99066591	0.99020123	0.9879902	0.98538285
0.99605614	0.99618965	0.99580628	0.99618286	0.99705029	0.99753827	0.99731952	0.99657798	0.99602455	0.99670273	0.99721062	0.99708599	0.99586797	0.99514687	0.99582601	0.99624979	0.99603885	0.99510145	0.99349195	0.99295658	0.9933899	0.99386609	0.9932667	0.99262583	0.99165386	0.99156249	0.99234045	0.99256068	0.9922505	0.99201125	0.99250811	0.99288553	0.99308109	0.99233967	0.99149984	0.99221742	0.99329698	0.99355644	0.99347627	0.99259961	0.99148721	0.99171317	0.99286383	0.99288136	0.9927597	0.99213421	0.99208957	0.99190134	0.99144489	0.98942322
0.9961797	0.9963063	0.99570763	0.99593115	0.99680877	0.99732	0.99712974	0.99617898	0.9958576	0.99645132	0.99702358	0.99676383	0.9953661	0.99499649	0.99566001	0.99579561	0.99578583	0.99477309	0.99337393	0.99301207	0.99345326	0.99375427	0.99364722	0.99266452	0.99176937	0.99167109	0.99227941	0.99263275	0.99238527	0.99228674	0.99264532	0.9931407	0.9933098	0.99244034	0.99175447	0.99235183	0.99343598	0.99389791	0.99380869	0.99304718	0.99199533	0.99227679	0.99314588	0.99359739	0.99328703	0.99309826	0.99284869	0.99283534	0.99316204	0.99278933
