0.97278005	0.97559011	0.97395509	0.97296095	0.97107691	0.96864122	0.96483409	0.95907718	0.95133865	0.94128001	0.92844343	0.91219097	0.89175624	0.86654091	0.83504933	0.79693031	0.75066608	0.69582087	0.63108432	0.55638325	0.46980372	0.37110853	0.26118037	0.14278957	0.018625204	-0.10525748	-0.22428571	-0.33388618	-0.43073818	-0.51410377	-0.58387095	-0.64240593	-0.69222552	-0.73516065	-0.77244133	-0.80465406	-0.83236945	-0.85538781	-0.87431449	-0.88962346	-0.90276092	-0.91401106	-0.92330009	-0.93172443	-0.93954861	-0.94709706	-0.9537912	-0.95958531	-0.96527636	-0.97097874
0.96856695	0.97185981	0.97066903	0.96979147	0.96821749	0.96584684	0.96249819	0.9570502	0.94959086	0.94017094	0.92769814	0.9120962	0.89224148	0.86748606	0.83649445	0.79876137	0.75294101	0.69841748	0.63433224	0.55974793	0.47357887	0.37522569	0.26552609	0.1474331	0.023698069	-0.099992573	-0.21887161	-0.32822838	-0.42478207	-0.50802243	-0.57768631	-0.6362536	-0.6858393	-0.72875851	-0.76580489	-0.79817963	-0.8257094	-0.84882432	-0.86768955	-0.883017	-0.89613491	-0.90740204	-0.91677672	-0.92521632	-0.93301964	-0.94046295	-0.947142	-0.9531346	-0.95881569	-0.96463913
0.9649415	0.96846682	0.96773261	0.96683919	0.96561134	0.96334529	0.96025711	0.95507693	0.9480055	0.93900967	0.92701381	0.91197842	0.89264852	0.86852187	0.83807725	0.80076331	0.75553948	0.70125234	0.63758004	0.56340557	0.47745231	0.37932318	0.26999751	0.15224725	0.028825756	-0.094743527	-0.21324171	-0.32217389	-0.41875419	-0.50189114	-0.57146782	-0.62966961	-0.67932129	-0.72222477	-0.75926518	-0.79138881	-0.81905669	-0.84199506	-0.86107111	-0.87648845	-0.88969123	-0.90063751	-0.91007376	-0.91851461	-0.9263289	-0.93381214	-0.94063401	-0.94644284	-0.9523437	-0.95788556
0.96232611	0.96611679	0.9654454	0.96470398	0.96349728	0.96145046	0.95849949	0.95361012	0.94672495	0.9381305	0.92660397	0.91191268	0.89301187	0.86925906	0.839221	0.802356	0.75744897	0.70349115	0.64006031	0.56609291	0.48052225	0.38282105	0.27366349	0.1560597	0.032876682	-0.090391651	-0.20853575	-0.3173885	-0.4137612	-0.4967505	-0.56615794	-0.62436295	-0.67407387	-0.7169385	-0.75385827	-0.78591973	-0.8136512	-0.8365562	-0.85549486	-0.87095988	-0.88407475	-0.89525139	-0.90448499	-0.91301537	-0.92079079	-0.9282093	-0.93512064	-0.94095278	-0.94695073	-0.95248216
0.96057004	0.96431464	0.96389866	0.96326131	0.96214378	0.96019512	0.95735681	0.9525162	0.94615173	0.93766743	0.92658049	0.91218299	0.89357185	0.87014234	0.84051067	0.80398571	0.75941515	0.70563394	0.6425283	0.56887084	0.48352939	0.38608509	0.2769185	0.15973637	0.036777679	-0.086209565	-0.20436199	-0.31296843	-0.40923372	-0.49189493	-0.56133378	-0.61949164	-0.66893435	-0.71173662	-0.74858516	-0.78081661	-0.80848998	-0.83137304	-0.85029572	-0.86582142	-0.87889856	-0.89001554	-0.89931858	-0.90785068	-0.91547757	-0.92319244	-0.92982644	-0.93571234	-0.94166529	-0.9471612
0.95929801	0.9631018	0.96281552	0.96210366	0.96107149	0.95928049	0.95665878	0.95212173	0.94589841	0.93765843	0.92684525	0.91274571	0.89451748	0.87137425	0.84212333	0.80589819	0.76133043	0.70816928	0.64506775	0.57181609	0.4867126	0.38917792	0.28062519	0.16356954	0.040718772	-0.081803039	-0.19968781	-0.30823502	-0.40421855	-0.4868744	-0.55610937	-0.61416334	-0.66352147	-0.70630759	-0.74315089	-0.77526033	-0.8028546	-0.82588249	-0.84477079	-0.86020857	-0.87341839	-0.88436007	-0.89390808	-0.90222764	-0.91004801	-0.91767508	-0.92427808	-0.93025577	-0.9362188	-0.94181293
0.95844239	0.96240938	0.96221012	0.96165192	0.96051949	0.95897186	0.95637381	0.95207292	0.94622982	0.93832445	0.92756188	0.91382051	0.89587891	0.87309945	0.84407425	0.80815583	0.76417261	0.71096367	0.64831829	0.57520741	0.49020171	0.39308867	0.28472418	0.16788131	0.045576818	-0.077074938	-0.19472538	-0.30297515	-0.39864936	-0.48119932	-0.55018198	-0.6081363	-0.65747005	-0.70010608	-0.73701876	-0.76918554	-0.79676032	-0.81980968	-0.83839756	-0.85399979	-0.86707717	-0.87820947	-0.88778335	-0.89608645	-0.90389556	-0.91143531	-0.91817939	-0.924119	-0.92999297	-0.9355666
0.95823258	0.96201593	0.96203399	0.96135259	0.96050519	0.95894772	0.95644534	0.95256335	0.94703895	0.93954164	0.92916733	0.91578537	0.89808041	0.87561905	0.8468945	0.81115758	0.76742291	0.71466154	0.6523596	0.57938147	0.49468872	0.39778027	0.28984216	0.17316172	0.051064055	-0.071183793	-0.18853931	-0.29653704	-0.39229879	-0.47441661	-0.54336518	-0.60119122	-0.65034217	-0.69298077	-0.72970355	-0.76188189	-0.78922719	-0.81233591	-0.83100563	-0.84663153	-0.85984063	-0.87095994	-0.8804307	-0.88871872	-0.89660144	-0.90406257	-0.91078562	-0.91676122	-0.92278671	-0.92815298
0.95821744	0.96232778	0.9621768	0.96161205	0.96077514	0.95920986	0.95702815	0.95336545	0.94828671	0.94121957	0.9314127	0.91846228	0.90122616	0.87896776	0.85064238	0.81509858	0.77172256	0.71922469	0.65723103	0.58460075	0.50026572	0.40370384	0.29597887	0.17958835	0.057991888	-0.063922428	-0.18098012	-0.28883478	-0.38418177	-0.46610764	-0.53489834	-0.59261888	-0.64173734	-0.68443453	-0.72083199	-0.75312638	-0.7803216	-0.80341828	-0.82226235	-0.83767611	-0.8509497	-0.86202931	-0.87146461	-0.87981176	-0.88766497	-0.89540136	-0.9018935	-0.90780872	-0.9138785	-0.91938114
0.95878893	0.96268922	0.962825	0.96221721	0.96132135	0.95988613	0.95765954	0.95423037	0.94955879	0.94340378	0.93446678	0.92210972	0.90523732	0.88348222	0.85556561	0.82044506	0.77727616	0.72521448	0.66348237	0.59124678	0.50737953	0.41121876	0.30369502	0.18779983	0.06639415	-0.055075012	-0.17170262	-0.2790691	-0.37413242	-0.45601687	-0.52462333	-0.5819695	-0.63099706	-0.6735189	-0.710087	-0.74217939	-0.76945478	-0.79245955	-0.81130362	-0.82672602	-0.83990204	-0.8510772	-0.86053455	-0.86892939	-0.8767975	-0.8843717	-0.89092058	-0.89704329	-0.90292746	-0.90845376
0.95966727	0.96360338	0.96363115	0.96311539	0.96235645	0.96091914	0.9589076	0.95546979	0.95117724	0.94558173	0.93779731	0.92660022	0.91060019	0.88948494	0.86181962	0.82738131	0.78453571	0.7328214	0.67155743	0.59968698	0.51610821	0.42053732	0.31351295	0.19807872	0.077083007	-0.043985877	-0.16023074	-0.26713255	-0.36185718	-0.44337565	-0.51159924	-0.56896323	-0.61784673	-0.66012204	-0.69663799	-0.72871524	-0.75585276	-0.77882695	-0.79764658	-0.81318063	-0.82638472	-0.83743489	-0.84695411	-0.85522681	-0.863114	-0.87073356	-0.87722242	-0.88345546	-0.88935965	-0.89498818
0.96063977	0.96459764	0.96478444	0.96410513	0.96346277	0.96213818	0.96017164	0.95691866	0.95274156	0.94757819	0.94068456	0.93142766	0.91712266	0.89690626	0.87019086	0.83605313	0.79386091	0.74253911	0.68167347	0.61036342	0.52737039	0.43219191	0.32583833	0.2109018	0.090471208	-0.030147793	-0.14586243	-0.25227571	-0.34661078	-0.42767265	-0.49574977	-0.55257928	-0.60140777	-0.64348871	-0.68012035	-0.71206301	-0.7391423	-0.76211274	-0.78092098	-0.79637134	-0.8095091	-0.82055783	-0.83002657	-0.8384881	-0.84641236	-0.85396791	-0.86057895	-0.86655211	-0.87260699	-0.87814194
0.96187043	0.96593952	0.96617067	0.96559775	0.9649505	0.96359056	0.9616968	0.95854241	0.95457947	0.94951874	0.94317091	0.93522978	0.92362392	0.90560913	0.88021314	0.84698606	0.80533087	0.75469488	0.69444907	0.62357879	0.54118359	0.4465808	0.34083718	0.22660348	0.1069207	-0.012947218	-0.1279192	-0.23383152	-0.32780167	-0.40833801	-0.47608685	-0.53278691	-0.58143175	-0.62340379	-0.65968925	-0.69141614	-0.71870375	-0.74147707	-0.76021439	-0.77573138	-0.78909814	-0.79999477	-0.80946004	-0.81782711	-0.82577467	-0.83324993	-0.83983111	-0.84597075	-0.85193366	-0.85745966
0.9633044	0.96722859	0.96761161	0.96711504	0.96633965	0.96527094	0.96327776	0.9602713	0.95634615	0.95158577	0.94561553	0.93828756	0.92845958	0.91456592	0.8919608	0.86032653	0.81964201	0.76978338	0.71023983	0.64019185	0.55839944	0.46450031	0.35960814	0.24620645	0.12718235	0.0080455476	-0.10607487	-0.21141727	-0.30453676	-0.38466933	-0.45199195	-0.50815439	-0.55659497	-0.59828943	-0.63448715	-0.66629916	-0.69348615	-0.7162118	-0.73491859	-0.75038904	-0.76376969	-0.77479112	-0.78425467	-0.79265213	-0.80067861	-0.80811799	-0.81447583	-0.8207581	-0.82666701	-0.83216006
0.96473521	0.96876687	0.96899998	0.96854562	0.968036	0.96702051	0.9651289	0.9619543	0.9583298	0.95379257	0.94799834	0.9411093	0.9320696	0.92074406	0.90366369	0.87578368	0.8369174	0.78823942	0.72965711	0.66045165	0.5796414	0.48649052	0.38259646	0.27003658	0.15204376	0.033906944	-0.079288118	-0.18370295	-0.27614176	-0.35574278	-0.42237413	-0.47839046	-0.5264256	-0.56788534	-0.60396868	-0.63574362	-0.66267627	-0.68548912	-0.70421243	-0.71967632	-0.73306155	-0.74392343	-0.75335628	-0.76187354	-0.76973855	-0.77720809	-0.78371894	-0.78970528	-0.79588938	-0.80143189
0.96628845	0.97031015	0.9705627	0.97006691	0.96975654	0.9685874	0.96680266	0.96398103	0.96035719	0.95597857	0.95054621	0.94385213	0.93541169	0.92510623	0.9110834	0.8910901	0.85705775	0.8103931	0.75304329	0.68505919	0.60526866	0.51337039	0.41055939	0.29924035	0.18239991	0.065439261	-0.046773072	-0.1501393	-0.24191588	-0.32053635	-0.38668793	-0.44223705	-0.48987225	-0.53106618	-0.56710076	-0.59856457	-0.62556088	-0.64826995	-0.66693884	-0.68233722	-0.69566953	-0.70681232	-0.71615744	-0.72468013	-0.73252386	-0.73993158	-0.74643439	-0.7525897	-0.75857514	-0.76418394
0.96779484	0.97182208	0.97222215	0.97168934	0.97139424	0.97034079	0.9686814	0.96591234	0.96246672	0.95817822	0.9530558	0.94675887	0.93876302	0.92898715	0.91641498	0.90036577	0.8768791	0.83598071	0.78119582	0.71466339	0.63640428	0.54599935	0.44445735	0.33464843	0.21902703	0.10341553	-0.0073310556	-0.1096531	-0.20018268	-0.27797851	-0.34352419	-0.39857924	-0.44572914	-0.48687586	-0.52235687	-0.55407161	-0.58077359	-0.60335875	-0.62209326	-0.63762736	-0.65071511	-0.66194433	-0.6712389	-0.67962372	-0.68752372	-0.69521618	-0.70145351	-0.70758176	-0.71360552	-0.71920449
0.96957505	0.97350734	0.97380435	0.973535	0.97311819	0.97212726	0.97056919	0.96783143	0.96463692	0.96075237	0.95581943	0.94987249	0.94235188	0.93313432	0.92127138	0.90681326	0.88830048	0.86182797	0.81377298	0.74998146	0.67366147	0.58488458	0.48529056	0.37722239	0.26325083	0.14922681	0.039799206	-0.061125368	-0.15040554	-0.22718073	-0.29171649	-0.34621334	-0.39292598	-0.43358266	-0.46911445	-0.50042993	-0.52713674	-0.54966807	-0.5683037	-0.58380502	-0.59707749	-0.60821545	-0.61747622	-0.62598884	-0.63392556	-0.64134401	-0.64773136	-0.6538046	-0.65991789	-0.66526514
0.97119004	0.97506523	0.97546214	0.97516412	0.97493082	0.97394079	0.97249079	0.97003722	0.9669317	0.96320552	0.95856112	0.95321548	0.94604665	0.93730652	0.9264757	0.91293263	0.89629936	0.8756668	0.84647304	0.79045206	0.71743023	0.63101292	0.53329885	0.42730519	0.31550127	0.20326999	0.095661767	-0.003413304	-0.091285206	-0.16676204	-0.23072422	-0.28438246	-0.33060494	-0.37078595	-0.40617087	-0.43707925	-0.46389848	-0.48638493	-0.50518471	-0.52013445	-0.53346521	-0.54455185	-0.55410624	-0.56249803	-0.5703125	-0.57809842	-0.58427322	-0.59041899	-0.59641826	-0.60181153
0.97285914	0.9768061	0.97722858	0.97698587	0.97672552	0.97604859	0.97464186	0.97215748	0.96933508	0.9658711	0.9616825	0.95638597	0.94981176	0.94193631	0.93192148	0.91927981	0.90406978	0.88583702	0.86359149	0.83165294	0.76723355	0.68467468	0.58982217	0.48625839	0.37677729	0.26697356	0.16133915	0.064017452	-0.022263046	-0.096431322	-0.15913299	-0.21192962	-0.25750914	-0.2972022	-0.33238041	-0.36309102	-0.38966119	-0.41204935	-0.4305335	-0.44588608	-0.45921195	-0.47023219	-0.47978389	-0.4880867	-0.49580309	-0.50335741	-0.50977486	-0.51580828	-0.52184808	-0.52745098
0.97465259	0.97853667	0.97917861	0.97879922	0.9786554	0.97804308	0.9766866	0.97475523	0.97179675	0.96866906	0.96486539	0.96008658	0.95408046	0.94684631	0.93751979	0.92606527	0.91210884	0.89560324	0.87607652	0.85227078	0.8178767	0.74525344	0.65441394	0.55405051	0.44757965	0.34052616	0.23722741	0.14204749	0.057843491	-0.014632045	-0.076056078	-0.12795502	-0.17283653	-0.21200275	-0.24670641	-0.27730575	-0.30372074	-0.3260712	-0.34447056	-0.35990375	-0.37288445	-0.38407618	-0.39350095	-0.40186229	-0.40977603	-0.41700515	-0.42360374	-0.42970252	-0.43558896	-0.44098514
0.97675902	0.9806096	0.98110837	0.98082757	0.98085165	0.98031104	0.97912997	0.97706532	0.97464806	0.97172147	0.96821576	0.96389449	0.95870322	0.95195091	0.94353658	0.93321723	0.92053699	0.90565318	0.88834292	0.86776084	0.84256637	0.80650157	0.72641003	0.63075	0.52783453	0.42402792	0.3238146	0.23116693	0.14896397	0.078460209	0.01859645	-0.032325931	-0.076281376	-0.11499292	-0.14919698	-0.17950352	-0.20592137	-0.22811653	-0.24650279	-0.26177242	-0.27473116	-0.286015	-0.2953153	-0.30382746	-0.31147388	-0.31874135	-0.32536969	-0.3312833	-0.33731684	-0.34262937
0.97887802	0.98251754	0.98316371	0.98286146	0.98305905	0.98251307	0.98153287	0.97968048	0.97750193	0.97481132	0.9717294	0.9679482	0.96321332	0.95734322	0.94992644	0.94054008	0.92938161	0.91627204	0.90092415	0.88292146	0.86163002	0.83568251	0.79818219	0.71401352	0.61647737	0.51638174	0.41966632	0.33005473	0.25043511	0.18186738	0.12370808	0.074251167	0.031114182	-0.0070066191	-0.040561937	-0.070634536	-0.096813135	-0.11888771	-0.13729657	-0.15262154	-0.16558641	-0.17669411	-0.18610434	-0.19443251	-0.20228887	-0.20946936	-0.21608381	-0.22201151	-0.22789498	-0.23323886
0.9810102	0.98461699	0.98512882	0.98519021	0.98528773	0.98487157	0.98406911	0.98236918	0.98042035	0.97810066	0.97529542	0.97210217	0.96793026	0.96288162	0.95641947	0.94805086	0.93834811	0.92665833	0.91364354	0.89829993	0.88011301	0.85836643	0.83221608	0.79553151	0.7099545	0.61531609	0.52276909	0.43666908	0.35991651	0.29385495	0.23757412	0.18940881	0.1475355	0.1102628	0.077075958	0.047454741	0.021547774	-0.00067178963	-0.019018289	-0.034455035	-0.0472847	-0.058342647	-0.067677841	-0.07605838	-0.083825059	-0.090992875	-0.097496904	-0.10356314	-0.10944065	-0.11453888
0.98337442	0.98674059	0.98735988	0.98741776	0.987625	0.98739964	0.98659635	0.98504657	0.98340112	0.98129022	0.97897059	0.97621882	0.9727031	0.9683609	0.96275586	0.95562506	0.94727039	0.9374243	0.92619324	0.91318363	0.89793205	0.87973773	0.85846543	0.83355731	0.79894441	0.7159273	0.62905627	0.54732662	0.47399852	0.41058949	0.35655299	0.30993941	0.26917401	0.23292577	0.20016818	0.17094721	0.14544053	0.12340835	0.10478252	0.089358881	0.076550454	0.06551373	0.056146968	0.047796812	0.04014821	0.033152465	0.026546106	0.020252015	0.014678123	0.0095102638
0.98543561	0.98888212	0.98951268	0.98959935	0.98980278	0.98961323	0.98906481	0.98764271	0.98614943	0.98446447	0.98261368	0.98025227	0.97726464	0.97370064	0.9689973	0.96297652	0.95565432	0.94738686	0.93825734	0.92728281	0.91472721	0.89986515	0.88268501	0.86273205	0.83957535	0.80836773	0.73266405	0.65608287	0.58700663	0.5266937	0.47497028	0.43037063	0.39121479	0.35593358	0.32413924	0.29524797	0.26986584	0.24777754	0.2293307	0.21370508	0.20090725	0.19008504	0.18067579	0.17244077	0.16482943	0.15774514	0.15099366	0.14470424	0.13921186	0.13440707
0.98779559	0.99084145	0.99149197	0.99166226	0.99192989	0.99173224	0.99128699	0.99009782	0.98890936	0.98752946	0.9859603	0.98409402	0.98161775	0.97854328	0.97467071	0.96969819	0.96369898	0.95680356	0.9493221	0.94051933	0.93045068	0.91832048	0.9043709	0.88855821	0.8708598	0.85097003	0.82363194	0.75746059	0.69365197	0.63703465	0.58840853	0.54587567	0.50836188	0.47442168	0.44327071	0.41489577	0.38977259	0.36793557	0.34943077	0.33377138	0.32087168	0.31002399	0.30045736	0.29216278	0.284623	0.2776756	0.27094129	0.26458684	0.25915918	0.25440633
0.98980653	0.99270272	0.99329698	0.99342072	0.99389094	0.99378157	0.99351054	0.99214977	0.99131948	0.99031997	0.98888087	0.98739064	0.98555529	0.98307288	0.9798702	0.97579676	0.97083837	0.96523547	0.95926899	0.95221114	0.94408309	0.9345293	0.92358148	0.91121954	0.89752811	0.88246351	0.8656736	0.84251451	0.78764999	0.73606819	0.69075441	0.65107787	0.61574036	0.58318675	0.5531643	0.52555698	0.50053686	0.47897831	0.4603526	0.44465381	0.43154886	0.4208512	0.41131544	0.40288475	0.39534965	0.3884356	0.3815054	0.37516093	0.36981902	0.36531764
0.99147391	0.99428606	0.99484408	0.99504626	0.99546295	0.99540836	0.99521911	0.99428934	0.99334788	0.99246025	0.99136925	0.99037516	0.98891789	0.98694956	0.98447812	0.98119026	0.97709113	0.97245812	0.9678542	0.96231318	0.95608282	0.94835883	0.93990493	0.93028766	0.91968614	0.90876365	0.89657885	0.88225973	0.86315948	0.81926519	0.77859646	0.74222791	0.70952392	0.67880279	0.65014428	0.62316418	0.59892106	0.57745373	0.55895591	0.54322553	0.53002942	0.51915163	0.50967979	0.50110805	0.49362984	0.48670989	0.47964391	0.47322401	0.46816659	0.46391961
0.99302578	0.99560028	0.99614155	0.99649894	0.99678516	0.99687684	0.99662948	0.99596405	0.99492204	0.99437046	0.99358296	0.99284554	0.99165928	0.9903776	0.98803174	0.98540342	0.98211908	0.9786166	0.97476923	0.9706316	0.96574289	0.96005464	0.95327926	0.94576889	0.93781394	0.92972451	0.92083758	0.91085446	0.89904851	0.88294393	0.84934855	0.81732631	0.78806949	0.75987309	0.73286813	0.70705992	0.68344778	0.66216511	0.64377064	0.6280461	0.6149919	0.60387301	0.5942629	0.58543664	0.57817137	0.57130373	0.5640406	0.55734026	0.55226618	0.54818338
0.99422377	0.99653125	0.99714398	0.99751163	0.99770254	0.99800748	0.99779707	0.99706209	0.99645972	0.99581522	0.99531162	0.99474216	0.99391329	0.992939	0.99109274	0.98893237	0.98624253	0.98348677	0.98054028	0.97718364	0.97349727	0.96894318	0.96362603	0.95796686	0.95197725	0.94598544	0.9396137	0.93251973	0.92431247	0.91467804	0.90111643	0.87543565	0.85034078	0.82575035	0.80093932	0.77687025	0.75412542	0.73331791	0.71537989	0.69968718	0.68642288	0.67527163	0.66546202	0.65668035	0.64903086	0.64203411	0.63475311	0.62810075	0.62297982	0.61898023
0.99507052	0.99733418	0.99786419	0.99811965	0.9986015	0.9987703	0.99865317	0.99795961	0.99747819	0.9969148	0.99649811	0.99617469	0.99555343	0.99478269	0.99348235	0.99164593	0.98939079	0.98709106	0.9848181	0.98220325	0.97943252	0.97579801	0.97178674	0.96735203	0.96272045	0.95825511	0.95382774	0.94880092	0.94302362	0.93633437	0.9280926	0.91676956	0.89731556	0.87701124	0.8554883	0.83393204	0.81252849	0.79268467	0.77476811	0.75939804	0.74617141	0.73500174	0.72522736	0.71620268	0.70884115	0.70171881	0.69386935	0.68717581	0.68238068	0.67836189
0.99587476	0.99786645	0.9983536	0.99869573	0.99899125	0.99935359	0.99915993	0.99865037	0.99808753	0.99764806	0.99750668	0.99712545	0.99673569	0.99604416	0.99487656	0.99358374	0.99170184	0.98976094	0.98810011	0.98609984	0.9838869	0.98114711	0.97775012	0.97422689	0.97063088	0.96743631	0.96434796	0.96084893	0.95675486	0.95208901	0.94649619	0.93967831	0.93067539	0.91577578	0.89834023	0.87966669	0.86056429	0.84213918	0.82495785	0.80978501	0.79678881	0.7856971	0.77588141	0.76685172	0.75924879	0.75184512	0.74413431	0.73732644	0.73262388	0.72842032
0.99637794	0.99821752	0.99868667	0.99891955	0.99935079	0.99976981	0.99949044	0.99888909	0.99854535	0.99825001	0.99804831	0.99776447	0.99752724	0.99705344	0.99621737	0.99502087	0.99345124	0.99183267	0.99040049	0.98890853	0.98710191	0.98485792	0.98219222	0.97942692	0.97650528	0.97418708	0.97205859	0.96954286	0.96660221	0.963548	0.95961004	0.95515501	0.94990546	0.94291949	0.93061543	0.91594332	0.89982831	0.88327682	0.86724383	0.85268241	0.83990866	0.82887697	0.81900883	0.81009686	0.80247474	0.7950514	0.78717601	0.78040284	0.775648	0.77177095
0.99663818	0.99832469	0.99892044	0.9991641	0.99948716	0.99986321	0.99955642	0.99918115	0.99892372	0.99866897	0.99839848	0.99838489	0.99809539	0.99775767	0.99703103	0.99577987	0.99465764	0.99322033	0.99214399	0.9910903	0.98943889	0.98783916	0.9853338	0.98312312	0.98091334	0.97929299	0.97771204	0.97592068	0.97407538	0.97172916	0.96885788	0.96602225	0.96272463	0.95907634	0.95326602	0.94315755	0.93074626	0.9167282	0.90244174	0.88914329	0.87680119	0.86618882	0.85642129	0.84765649	0.83985883	0.83266741	0.82450324	0.81755507	0.81300753	0.80901289
0.99686879	0.99832857	0.99891353	0.99916095	0.99941206	1	0.99978822	0.999237	0.99893558	0.99857551	0.99854624	0.99842715	0.99845845	0.99837995	0.99753368	0.99658549	0.99541646	0.99422133	0.99334407	0.99240708	0.9912222	0.98972803	0.98775041	0.98592943	0.98400557	0.98289627	0.98167622	0.98062414	0.97917235	0.97768205	0.97556442	0.97355276	0.97163355	0.96945608	0.96649992	0.96193475	0.95331222	0.94273496	0.93090594	0.9191674	0.90803003	0.89766049	0.88825709	0.87952185	0.87207389	0.86469775	0.85667169	0.84988815	0.84508371	0.84117532
0.99658644	0.99828106	0.99880487	0.99901783	0.99942899	0.99997503	0.99955904	0.99906456	0.99879569	0.99864811	0.99868828	0.99853802	0.99867415	0.99830866	0.99783331	0.99677438	0.99577355	0.99489284	0.99405915	0.99320322	0.99247473	0.99125689	0.98948395	0.98779333	0.98625177	0.98542064	0.98475307	0.98389834	0.98297757	0.98181581	0.98024482	0.97890466	0.97764826	0.97662711	0.97480208	0.97263348	0.96883476	0.96163684	0.95281982	0.94281048	0.93308187	0.92376274	0.91492474	0.9062795	0.89902204	0.89173728	0.88361001	0.8768093	0.87237376	0.86849684
0.99665922	0.99816245	0.99855548	0.99884671	0.99941492	0.99956429	0.99949193	0.99894238	0.99863505	0.99859267	0.99846184	0.99861991	0.99861997	0.99831843	0.99772739	0.99683362	0.99620593	0.995179	0.99456573	0.99388784	0.99323434	0.99205428	0.99042422	0.98906547	0.98797858	0.98719013	0.9869284	0.98613578	0.98567569	0.98475808	0.98346794	0.98258477	0.9818154	0.98133492	0.98023677	0.97904921	0.97716087	0.97407156	0.96789372	0.96043617	0.95236993	0.9443171	0.93624234	0.92849445	0.92132229	0.91382962	0.90587002	0.89920431	0.89473486	0.89111531
0.99631745	0.99777156	0.99812204	0.99852175	0.99890232	0.99925452	0.99907964	0.9986062	0.99836081	0.99809784	0.9980318	0.9984076	0.9983086	0.99826777	0.9976573	0.99680018	0.99601543	0.99526155	0.99447566	0.9943493	0.99357879	0.9925881	0.99108124	0.9900496	0.98886716	0.9882713	0.9882713	0.98786962	0.98722136	0.98657995	0.98579746	0.98503745	0.98474747	0.98442382	0.98379934	0.9831478	0.98197848	0.98024845	0.97762418	0.97259635	0.96610957	0.9596861	0.95246118	0.94535029	0.93879616	0.93189412	0.92395926	0.91731459	0.91315788	0.90928495
0.99597991	0.99732602	0.99759787	0.99804336	0.99846387	0.99874467	0.99870795	0.99824554	0.9980278	0.9976778	0.99764878	0.99789774	0.99797261	0.99791753	0.99743634	0.99662882	0.99573237	0.99506378	0.9946745	0.99433231	0.9936769	0.99285001	0.9915911	0.99048829	0.98965031	0.98922575	0.98917067	0.98874092	0.98857838	0.98826009	0.98746359	0.98687816	0.98656756	0.98665822	0.98615623	0.98580849	0.98495531	0.98392093	0.98239255	0.98022908	0.97589636	0.97066069	0.9647252	0.95853764	0.95254469	0.94598836	0.93854308	0.93209553	0.92788309	0.92433918
0.99563336	0.99692607	0.99730915	0.99772006	0.9980455	0.99832791	0.99822187	0.9977482	0.99744374	0.99742234	0.997361	0.99766189	0.99761522	0.99754971	0.99718696	0.99639076	0.99560696	0.99495763	0.99465686	0.99424595	0.99386615	0.9928627	0.99180514	0.9907589	0.99012524	0.98978114	0.98967183	0.98971647	0.98953104	0.98912507	0.98840439	0.98819882	0.98799551	0.98819649	0.98782027	0.98767281	0.98709261	0.98624808	0.9851616	0.98389548	0.98220372	0.97867393	0.97391742	0.96846712	0.96325231	0.95710909	0.94994634	0.94387108	0.94014758	0.93645376
0.99525225	0.99653959	0.99696535	0.99712998	0.9975962	0.99793541	0.9978385	0.99744052	0.99717283	0.99710995	0.99701464	0.99721569	0.99735564	0.99718535	0.99681008	0.99619162	0.99535912	0.99483097	0.99472588	0.9943648	0.99363577	0.9929207	0.99191296	0.99093503	0.99031901	0.99003607	0.9903208	0.9902612	0.99006647	0.98979944	0.98936129	0.98892629	0.98883474	0.98922974	0.98929304	0.98893636	0.98869306	0.98789114	0.98708594	0.98616797	0.9852404	0.98409832	0.98068404	0.97609752	0.97160792	0.96592981	0.95920074	0.95335972	0.94990265	0.94648707
0.99512589	0.99616534	0.9964956	0.9969219	0.99736339	0.99761641	0.99742723	0.997123	0.99683118	0.99660039	0.99670064	0.9969148	0.99696839	0.9970845	0.99667174	0.99583828	0.99515283	0.99460071	0.99424505	0.99420679	0.99378741	0.9929024	0.99212807	0.99121785	0.99041253	0.99057287	0.99061584	0.99052203	0.99060291	0.9901523	0.98985118	0.98968732	0.98981386	0.98996526	0.99000359	0.99003452	0.98970145	0.9891721	0.9885152	0.98772711	0.98722833	0.98666054	0.9855305	0.98204529	0.97844976	0.97330856	0.96685773	0.96129429	0.95806348	0.95505804
0.99495047	0.99598086	0.99638021	0.99679494	0.99700487	0.99732953	0.99714917	0.99679667	0.9965924	0.99639672	0.99659061	0.99661535	0.99684846	0.9967398	0.99645257	0.99570739	0.99517953	0.99457037	0.99427456	0.99416751	0.99379015	0.99312556	0.99200231	0.99128127	0.99075121	0.99074757	0.99082714	0.991018	0.99104935	0.99066824	0.99035835	0.99031556	0.99041682	0.9907757	0.99091965	0.9908275	0.99049312	0.99030578	0.98957586	0.98890686	0.98862016	0.98837435	0.98779792	0.98655915	0.98386186	0.9796142	0.97356457	0.96848816	0.96562088	0.96262169
0.99495232	0.99587387	0.9960565	0.9964543	0.99694186	0.99723727	0.99692154	0.99657214	0.9963882	0.99612135	0.9963845	0.99660134	0.99660134	0.99658704	0.9960475	0.99565768	0.99497467	0.99463522	0.99431193	0.99411273	0.99385929	0.99315381	0.99218732	0.99155861	0.99106133	0.99103159	0.99135029	0.99138159	0.991494	0.99116349	0.99074131	0.99076599	0.99111384	0.99153298	0.99165809	0.99156868	0.99135524	0.99099833	0.99049747	0.98986173	0.98991126	0.98976541	0.98943585	0.98887122	0.98824936	0.98474962	0.97942197	0.97490102	0.97208977	0.96941453
0.9949609	0.99588227	0.99618667	0.99629509	0.99681866	0.9970538	0.99673176	0.9965499	0.99626195	0.99612254	0.99644828	0.99655914	0.99662924	0.99652529	0.99623287	0.99571657	0.99496686	0.99480015	0.99439383	0.99441516	0.99396116	0.99318451	0.99245918	0.99184442	0.99126214	0.99145627	0.99157292	0.99178982	0.99187917	0.99171633	0.99121958	0.99112982	0.99132395	0.99196565	0.99217141	0.99215221	0.9920302	0.99172801	0.99122596	0.99093217	0.99099857	0.99084759	0.99085677	0.99040878	0.99069333	0.98906457	0.98462951	0.98075181	0.97849935	0.9760164
0.99482596	0.99574184	0.9960658	0.9962393	0.99685723	0.9969129	0.99669749	0.99639678	0.99622482	0.99616349	0.99628282	0.99667913	0.99666429	0.9965775	0.99617708	0.99553859	0.99494761	0.99453294	0.99453479	0.99448204	0.99410307	0.99353993	0.99267358	0.99215364	0.99169892	0.9917767	0.9919461	0.99209595	0.99215466	0.99190605	0.99150062	0.99181402	0.99190772	0.9923659	0.99259973	0.9927308	0.99283713	0.99249029	0.99210829	0.99198478	0.99189484	0.99214697	0.99208421	0.99205905	0.99230802	0.99146277	0.98898143	0.98587018	0.98408037	0.98197001
0.99494976	0.99570668	0.99606425	0.99638236	0.99667203	0.996975	0.9967953	0.99637163	0.99618602	0.99613237	0.9962095	0.99658751	0.99658751	0.99666822	0.99616218	0.99571037	0.99511677	0.99475682	0.99473828	0.99472266	0.99437505	0.99392843	0.99285614	0.99230349	0.99179327	0.99211025	0.99229711	0.99245721	0.99260968	0.99234712	0.99204552	0.99188864	0.99243492	0.99293429	0.99301308	0.99342185	0.99338293	0.99313456	0.99285543	0.99280369	0.9926762	0.99322969	0.99324894	0.99342322	0.99375719	0.99317294	0.99121141	0.99028146	0.98917568	0.98729604
0.99484533	0.99577302	0.99589521	0.99637353	0.99649727	0.99678999	0.99674183	0.99624264	0.99608034	0.99596727	0.99614656	0.99660718	0.996602	0.99667263	0.99604291	0.99560791	0.99520206	0.9948135	0.99473947	0.99467576	0.99447989	0.99391192	0.99300438	0.99250406	0.99235356	0.99231392	0.99246866	0.99287117	0.99278951	0.99273056	0.99237466	0.99241138	0.99276823	0.99315244	0.99363655	0.99382359	0.99386263	0.9935171	0.99321985	0.99327195	0.99363083	0.9938615	0.9942596	0.99462074	0.9950906	0.99447322	0.99275607	0.99218869	0.99290633	0.99189073
0.99481809	0.99559158	0.99581552	0.99617553	0.9964664	0.99671137	0.99654245	0.99594343	0.99606621	0.99590486	0.99600017	0.99625242	0.99643254	0.99645311	0.99602979	0.99549729	0.99489444	0.99480301	0.99469686	0.99465519	0.99430245	0.99395561	0.99326414	0.99262488	0.99232364	0.99258661	0.99255216	0.9929325	0.99286193	0.99278206	0.99248385	0.9925521	0.99282771	0.9933753	0.99372488	0.99399763	0.99412149	0.99399573	0.9935798	0.99370533	0.9941507	0.99467957	0.99493575	0.9953199	0.99594373	0.99546367	0.99387157	0.993761	0.99497116	0.99528944
